"first_last","province","gender","year_of_birth","year_of_death","year","exit_year","party","gen_cohort","year_range","years_total","sessions_total","start_year","age_start"
"abel_don","Ontario","m",1952,NA,1990,1995,"CCF/NDP","Babyboom","1943-1960",5,10,1990,38
"adams_peter","Ontario","m",1936,2018,1987,1990,"Liberal","Silent","1925-1942",3,6,1987,51
"aggelonitis_sophia","Ontario","f",1968,NA,2007,2011,"Liberal","GenerationX","1961-1981",4,8,2007,39
"agostino_dominic","Ontario","m",1959,2004,1995,2004,"Liberal","Babyboom","1943-1960",9,18,1995,36
"akande_zanana","Ontario","f",1937,NA,1990,1994,"CCF/NDP","Silent","1925-1942",4,8,1990,53
"albanese_laura","Ontario","f",1957,NA,2007,2018,"Liberal","Babyboom","1943-1960",11,22,2007,50
"allen_richard","Ontario","m",1929,2019,1981,1995,"CCF/NDP","Silent","1925-1942",14,28,1981,52
"anderson_granville","Ontario","m",1960,NA,2014,2018,"Liberal","Babyboom","1943-1960",4,8,2014,54
"andrewes_philip","Ontario","m",1941,NA,1981,1987,"Progressice Conservative","Silent","1925-1942",6,12,1981,40
"angus_iain","Ontario","m",1947,NA,1975,1977,"CCF/NDP","Babyboom","1943-1960",2,4,1975,28
"armstrong_teresa","Ontario","f",1966,NA,2011,2024,"CCF/NDP","GenerationX","1961-1981",13,26,2011,45
"arnott_ted","Ontario","m",1963,NA,1990,2024,"Progressice Conservative","GenerationX","1961-1981",34,68,1990,27
"arthur_ian","Ontario","m",1984,NA,2018,2024,"CCF/NDP","Millenial","1982-2004",6,12,2018,34
"arthurs_wayne","Ontario","m",1948,NA,2003,2011,"Liberal","Babyboom","1943-1960",8,16,2003,55
"ashe_george","Ontario","m",1932,2014,1977,1987,"Progressice Conservative","Silent","1925-1942",10,20,1977,45
"baber_roman","Ontario","m",1980,NA,2018,2024,"Progressice Conservative","GenerationX","1961-1981",6,12,2018,38
"bailey_bob","Ontario","m",1951,NA,2007,2024,"Progressice Conservative","Babyboom","1943-1960",17,34,2007,56
"bain_bob","Ontario","m",1946,NA,1975,1977,"CCF/NDP","Babyboom","1943-1960",2,4,1975,29
"baird_john","Ontario","m",1969,NA,1995,2005,"Progressice Conservative","GenerationX","1961-1981",10,20,1995,26
"baker_yvan","Ontario","m",1977,NA,2014,2018,"Liberal","GenerationX","1961-1981",4,8,2014,37
"balkissoon_bas","Ontario","m",1952,NA,2003,2016,"Liberal","Babyboom","1943-1960",13,26,2003,51
"ballinger_william","Ontario","m",1945,NA,1987,1990,"Liberal","Babyboom","1943-1960",3,6,1987,42
"barlow_bill","Ontario","m",1931,2020,1981,1987,"Progressice Conservative","Silent","1925-1942",6,12,1981,50
"barrett_toby","Ontario","m",1945,NA,1995,2024,"Progressice Conservative","Babyboom","1943-1960",29,58,1995,50
"bartolucci_rick","Ontario","m",1943,NA,1995,2014,"Liberal","Babyboom","1943-1960",19,38,1995,52
"bassett_isabel","Ontario","f",1939,NA,1995,1999,"Progressice Conservative","Silent","1925-1942",4,8,1995,56
"beaubien_marcel","Ontario","m",1942,NA,1995,2003,"Progressice Conservative","Silent","1925-1942",8,16,1995,53
"beer_charles","Ontario","m",1941,NA,1987,1995,"Liberal","Silent","1925-1942",8,16,1987,46
"begum_doly","Ontario","f",1989,NA,2018,2024,"CCF/NDP","Millenial","1982-2004",6,12,2018,29
"ben_george","Ontario","m",1925,1978,1963,1971,"Liberal","Silent","1925-1942",8,16,1963,38
"bennett_claude","Ontario","m",1936,2020,1971,1987,"Progressice Conservative","Silent","1925-1942",16,32,1971,35
"bentley_chris","Ontario","m",1956,NA,2003,2013,"Liberal","Babyboom","1943-1960",10,20,2003,47
"berardinetti_lorenzo","Ontario","m",1961,NA,2003,2018,"Liberal","GenerationX","1961-1981",15,30,2003,42
"bernier_leo","Ontario","m",1928,2010,1963,1987,"Progressice Conservative","Silent","1925-1942",24,48,1963,35
"black_ken","Ontario","m",1932,2016,1987,1990,"Liberal","Silent","1925-1942",3,6,1987,55
"blais_stephen","Ontario","m",1980,NA,2018,2024,"Liberal","GenerationX","1961-1981",6,12,2018,38
"bolan_mike","Ontario","m",1933,2016,1977,1981,"Liberal","Silent","1925-1942",4,8,1977,44
"bossy_maurice","Ontario","m",1929,2008,1985,1990,"Liberal","Silent","1925-1942",5,10,1985,56
"boudria_don","Ontario","m",1949,NA,1981,1984,"Liberal","Babyboom","1943-1960",3,6,1981,32
"bounsall_ted","Ontario","m",1935,NA,1971,1981,"CCF/NDP","Silent","1925-1942",10,20,1971,36
"bountrogianni_marie","Ontario","f",1956,NA,1999,2007,"Liberal","Babyboom","1943-1960",8,16,1999,43
"boushy_dave","Ontario","m",1932,NA,1995,1999,"Progressice Conservative","Silent","1925-1942",4,8,1995,63
"boyd_marion","Ontario","f",1946,NA,1990,1999,"CCF/NDP","Babyboom","1943-1960",9,18,1990,44
"boyer_claudette","Ontario","f",1938,2013,1999,2003,"Liberal","Silent","1925-1942",4,8,1999,61
"bradley_jim","Ontario","m",1945,NA,1977,2018,"Liberal","Babyboom","1943-1960",41,82,1977,32
"brandt_andy","Ontario","m",1938,NA,1981,1990,"Progressice Conservative","Silent","1925-1942",9,18,1981,43
"breaugh_mike","Ontario","m",1942,2019,1975,1990,"CCF/NDP","Silent","1925-1942",15,30,1975,33
"breithaupt_james","Ontario","m",1934,2018,1967,1985,"Liberal","Silent","1925-1942",18,36,1967,33
"broten_laurel","Ontario","f",1967,NA,2003,2013,"Liberal","GenerationX","1961-1981",10,20,2003,36
"brown_jim","Ontario","m",1943,2020,1995,1999,"Progressice Conservative","Babyboom","1943-1960",4,8,1995,52
"brown_michaela","Ontario","m",1950,NA,1987,2011,"Liberal","Babyboom","1943-1960",24,48,1987,37
"brown_patrick","Ontario","m",1978,NA,2014,2018,"Progressice Conservative","GenerationX","1961-1981",4,8,2014,36
"brownell_jim","Ontario","m",1948,NA,2003,2011,"Liberal","Babyboom","1943-1960",8,16,2003,55
"bryant_michael","Ontario","m",1966,NA,1999,2009,"Liberal","GenerationX","1961-1981",10,20,1999,33
"buchanan_elmer","Ontario","m",1946,NA,1990,1995,"CCF/NDP","Babyboom","1943-1960",5,10,1990,44
"bullbrook_james","Ontario","m",1927,1978,1967,1977,"Liberal","Silent","1925-1942",10,20,1967,40
"calandra_paul","Ontario","m",1970,NA,2018,2024,"Progressice Conservative","GenerationX","1961-1981",6,12,2018,48
"callahan_robert","Ontario","m",1937,2020,1985,1995,"Liberal","Silent","1925-1942",10,20,1985,48
"campbell_sarah","Ontario","f",1982,NA,2011,2018,"CCF/NDP","Millenial","1982-2004",7,14,2011,29
"campbell_sterling","Ontario","m",1942,NA,1987,1990,"Liberal","Silent","1925-1942",3,6,1987,45
"cansfield_donna","Ontario","f",1945,NA,2003,2014,"Liberal","Babyboom","1943-1960",11,22,2003,58
"caplan_david","Ontario","m",1964,2019,1995,2011,"Liberal","GenerationX","1961-1981",16,32,1995,31
"caplan_elinor","Ontario","f",1944,NA,1985,1997,"Liberal","Babyboom","1943-1960",12,24,1985,41
"carr_gary","Ontario","m",1955,NA,1990,2003,"Progressice Conservative","Babyboom","1943-1960",13,26,1990,35
"carroll_aileen","Ontario","f",1944,2020,2007,2011,"Liberal","Babyboom","1943-1960",4,8,2007,63
"carroll_jack","Ontario","m",1942,NA,1995,1999,"Progressice Conservative","Silent","1925-1942",4,8,1995,53
"carrothers_doug","Ontario","m",1950,NA,1987,1990,"Liberal","Babyboom","1943-1960",3,6,1987,37
"carter_jenny","Ontario","f",1931,NA,1990,1995,"CCF/NDP","Silent","1925-1942",5,10,1990,59
"cassidy_michael","Ontario","m",1937,NA,1971,1984,"CCF/NDP","Silent","1925-1942",13,26,1971,34
"chambers_mary","Ontario","f",1950,NA,2003,2007,"Liberal","Babyboom","1943-1960",4,8,2003,53
"chan_michael","Ontario","m",1951,NA,2007,2018,"Liberal","Babyboom","1943-1960",11,22,2007,56
"charlton_brian","Ontario","m",1947,NA,1977,1995,"CCF/NDP","Babyboom","1943-1960",18,36,1977,30
"cho_stan","Ontario","m",1977,NA,2018,2024,"Progressice Conservative","GenerationX","1961-1981",6,12,2018,41
"christopherson_david","Ontario","m",1954,NA,1990,2003,"CCF/NDP","Babyboom","1943-1960",13,26,1990,36
"chudleigh_ted","Ontario","m",1943,NA,1995,2014,"Progressice Conservative","Babyboom","1943-1960",19,38,1995,52
"churley_marilyn","Ontario","f",1948,NA,1990,2005,"CCF/NDP","Babyboom","1943-1960",15,30,1990,42
"cimino_joe","Ontario","m",1969,NA,2014,2014,"CCF/NDP","GenerationX","1961-1981",0,0,2014,45
"clark_brad","Ontario","m",1960,NA,1999,2003,"Progressice Conservative","Babyboom","1943-1960",4,8,1999,39
"clark_steve","Ontario","m",1960,NA,2007,2024,"Progressice Conservative","Babyboom","1943-1960",17,34,2007,47
"cleary_john","Ontario","m",1932,2012,1987,2003,"Liberal","Silent","1925-1942",16,32,1987,55
"clement_john","Ontario","m",1928,2014,1971,1975,"Progressice Conservative","Silent","1925-1942",4,8,1971,43
"clement_tony","Ontario","m",1960,NA,1995,2003,"Progressice Conservative","Babyboom","1943-1960",8,16,1995,35
"coburn_brian","Ontario","m",1945,NA,1999,2003,"Progressice Conservative","Babyboom","1943-1960",4,8,1999,54
"coe_lorne","Ontario","m",1950,NA,2014,2024,"Progressice Conservative","Babyboom","1943-1960",10,20,2014,64
"colle_mike","Ontario","m",1945,NA,1995,2018,"Liberal","Babyboom","1943-1960",23,46,1995,50
"collins_shirley","Ontario","f",1952,NA,1987,1990,"Liberal","Babyboom","1943-1960",3,6,1987,35
"conway_sean","Ontario","m",1951,NA,1975,2003,"Liberal","Babyboom","1943-1960",28,56,1975,24
"cooke_dave","Ontario","m",1952,NA,1977,1997,"CCF/NDP","Babyboom","1943-1960",20,40,1977,25
"cooke_davidr","Ontario","m",1937,NA,1985,1990,"Liberal","Silent","1925-1942",5,10,1985,48
"cooper_mike","Ontario","m",1951,NA,1990,1995,"CCF/NDP","Babyboom","1943-1960",5,10,1990,39
"coppen_shirley","Ontario","f",1946,NA,1990,1995,"CCF/NDP","Babyboom","1943-1960",5,10,1990,44
"copps_sheila","Ontario","f",1952,NA,1981,1984,"Liberal","Babyboom","1943-1960",3,6,1981,29
"cordiano_joseph","Ontario","m",1957,NA,1985,2006,"Liberal","Babyboom","1943-1960",21,42,1985,28
"coteau_michael","Ontario","m",1972,NA,2011,2024,"Liberal","GenerationX","1961-1981",13,26,2011,39
"cousens_don","Ontario","m",1938,2017,1981,1994,"Progressice Conservative","Silent","1925-1942",13,26,1981,43
"crack_grant","Ontario","m",1963,NA,2011,2018,"Liberal","GenerationX","1961-1981",7,14,2011,48
"craitor_kim","Ontario","m",1946,NA,2003,2013,"Liberal","Babyboom","1943-1960",10,20,2003,57
"crozier_bruce","Ontario","m",1938,2011,1990,2011,"Liberal","Silent","1925-1942",21,42,1990,52
"cullen_alex","Ontario","m",1951,NA,1995,1999,"Liberal","Babyboom","1943-1960",4,8,1995,44
"cunningham_dianne","Ontario","f",1931,NA,1987,2003,"Progressice Conservative","Silent","1925-1942",16,32,1987,56
"cunningham_eric","Ontario","m",1949,2015,1975,1984,"Liberal","Babyboom","1943-1960",9,18,1975,26
"cureatz_sam","Ontario","m",1948,NA,1977,1990,"Progressice Conservative","Babyboom","1943-1960",13,26,1977,29
"curling_alvin","Ontario","m",1939,NA,1985,2005,"Liberal","Silent","1925-1942",20,40,1985,46
"dadamo_george","Ontario","m",1953,NA,1990,1995,"CCF/NDP","Babyboom","1943-1960",5,10,1990,37
"daigeler_hans","Ontario","m",1945,1995,1987,1995,"Liberal","Babyboom","1943-1960",8,16,1987,42
"danford_harry","Ontario","m",1939,NA,1995,1999,"Progressice Conservative","Silent","1925-1942",4,8,1995,56
"davidson_monty","Ontario","m",1935,2017,1975,1981,"CCF/NDP","Silent","1925-1942",6,12,1975,40
"davis_williamc","Ontario","m",1939,NA,1985,1987,"Progressice Conservative","Silent","1925-1942",2,4,1985,46
"demonte_dante","Ontario","m",1926,2009,1967,1971,"Liberal","Silent","1925-1942",4,8,1967,41
"deans_ian","Ontario","m",1937,2016,1967,1979,"CCF/NDP","Silent","1925-1942",12,24,1967,30
"defaria_carl","Ontario","m",1949,NA,1995,2003,"Progressice Conservative","Babyboom","1943-1960",8,16,1995,46
"delduca_steven","Ontario","m",1973,NA,2011,2018,"Liberal","GenerationX","1961-1981",7,14,2011,38
"delaney_bob","Ontario","m",1953,NA,2003,2018,"Liberal","Babyboom","1943-1960",15,30,2003,50
"demers_gaston","Ontario","m",1935,2004,1963,1971,"Progressice Conservative","Silent","1925-1942",8,16,1963,28
"desrosiers_nathalie","Ontario","f",1959,NA,2014,2019,"Liberal","Babyboom","1943-1960",5,10,2014,55
"dhillon_vic","Ontario","m",1969,NA,2003,2018,"Liberal","GenerationX","1961-1981",15,30,2003,34
"disanto_odoardo","Ontario","m",1934,NA,1975,1985,"CCF/NDP","Silent","1925-1942",10,20,1975,41
"dickson_joe","Ontario","m",1940,NA,2007,2018,"Liberal","Silent","1925-1942",11,22,2007,67
"dietsch_mike","Ontario","m",1942,2014,1987,1990,"Liberal","Silent","1925-1942",3,6,1987,45
"dinovo_cheri","Ontario","f",1951,NA,2003,2017,"CCF/NDP","Babyboom","1943-1960",14,28,2003,52
"dombrowsky_leona","Ontario","f",1957,NA,1999,2011,"Liberal","Babyboom","1943-1960",12,24,1999,42
"dong_han","Ontario","m",1977,NA,2014,2018,"Liberal","GenerationX","1961-1981",4,8,2014,37
"downey_doug","Ontario","m",1970,NA,2018,2024,"Progressice Conservative","GenerationX","1961-1981",6,12,2018,48
"doyle_ed","Ontario","m",1935,NA,1995,1999,"Progressice Conservative","Silent","1925-1942",4,8,1995,60
"drainville_dennis","Ontario","m",1954,NA,1990,1993,"CCF/NDP","Babyboom","1943-1960",3,6,1990,36
"drea_frank","Ontario","m",1933,2003,1971,1985,"Progressice Conservative","Silent","1925-1942",14,28,1971,38
"duguid_brad","Ontario","m",1962,NA,2003,2018,"Liberal","GenerationX","1961-1981",15,30,2003,41
"duignan_noel","Ontario","m",1948,NA,1990,1995,"CCF/NDP","Babyboom","1943-1960",5,10,1990,42
"dukszta_janos","Ontario","m",1932,NA,1971,1981,"CCF/NDP","Silent","1925-1942",10,20,1971,39
"duncan_dwight","Ontario","m",1959,NA,1995,2013,"Liberal","Babyboom","1943-1960",18,36,1995,36
"dunlop_jill","Ontario","f",1975,NA,2018,2024,"Progressice Conservative","GenerationX","1961-1981",6,12,2018,43
"eagleson_robertalan","Ontario","m",1933,NA,1963,1967,"Progressice Conservative","Silent","1925-1942",4,8,1963,30
"eaton_bob","Ontario","m",1937,2009,1971,1985,"Progressice Conservative","Silent","1925-1942",14,28,1971,34
"ecker_janet","Ontario","f",1953,NA,1995,2003,"Progressice Conservative","Babyboom","1943-1960",8,16,1995,42
"eddy_ronald","Ontario","m",1931,NA,1990,1995,"Liberal","Silent","1925-1942",5,10,1990,59
"edighoffer_hugh","Ontario","m",1928,2019,1967,1990,"Liberal","Silent","1925-1942",23,46,1967,39
"elgie_bob","Ontario","m",1929,2013,1977,1985,"Progressice Conservative","Silent","1925-1942",8,16,1977,48
"elliot_walt","Ontario","m",1933,2020,1987,1990,"Liberal","Silent","1925-1942",3,6,1987,54
"elliott_brenda","Ontario","f",1950,NA,1995,2003,"Progressice Conservative","Babyboom","1943-1960",8,16,1995,45
"elliott_christine","Ontario","f",1955,NA,2003,2024,"Progressice Conservative","Babyboom","1943-1960",21,42,2003,48
"elston_murray","Ontario","m",1949,NA,1981,1994,"Liberal","Babyboom","1943-1960",13,26,1981,32
"epp_herbert","Ontario","m",1934,2013,1977,1990,"Liberal","Silent","1925-1942",13,26,1977,43
"farnan_michael","Ontario","m",1941,NA,1987,1995,"CCF/NDP","Silent","1925-1942",8,16,1987,46
"faubert_frank","Ontario","m",1931,1999,1987,1990,"Liberal","Silent","1925-1942",3,6,1987,56
"fawcett_joan","Ontario","f",1937,2015,1987,1995,"Liberal","Silent","1925-1942",8,16,1987,50
"fedeli_vic","Ontario","m",1956,NA,2011,2024,"Progressice Conservative","Babyboom","1943-1960",13,26,2011,55
"fee_amy","Ontario","f",1981,NA,2018,2024,"Progressice Conservative","GenerationX","1961-1981",6,12,2018,37
"ferguson_william","Ontario","m",1954,2011,1990,1994,"CCF/NDP","Babyboom","1943-1960",4,8,1990,36
"ferraro_rich","Ontario","m",1950,NA,1985,1990,"Liberal","Babyboom","1943-1960",5,10,1985,35
"ferreira_paul","Ontario","m",1973,NA,2007,2007,"CCF/NDP","GenerationX","1961-1981",0,0,2007,34
"ferrier_bill","Ontario","m",1932,NA,1967,1977,"CCF/NDP","Silent","1925-1942",10,20,1967,35
"ferris_john","Ontario","m",1933,2015,1975,1977,"Liberal","Silent","1925-1942",2,4,1975,42
"fife_catherine","Ontario","f",1968,NA,2011,2024,"CCF/NDP","GenerationX","1961-1981",13,26,2011,43
"fish_susan","Ontario","f",1945,NA,1981,1987,"Progressice Conservative","Babyboom","1943-1960",6,12,1981,36
"fisher_barb","Ontario","f",1951,NA,1995,1999,"Progressice Conservative","Babyboom","1943-1960",4,8,1995,44
"flaherty_jim","Ontario","m",1949,2014,1995,2005,"Progressice Conservative","Babyboom","1943-1960",10,20,1995,46
"fleet_david","Ontario","m",1954,NA,1987,1990,"Liberal","Babyboom","1943-1960",3,6,1987,33
"fletcher_derek","Ontario","m",1951,NA,1990,1995,"CCF/NDP","Babyboom","1943-1960",5,10,1990,39
"flynn_kevin","Ontario","m",1955,NA,2003,2018,"Liberal","Babyboom","1943-1960",15,30,2003,48
"fonseca_peter","Ontario","m",1966,NA,2003,2011,"Liberal","GenerationX","1961-1981",8,16,2003,37
"ford_doug","Ontario","m",1964,NA,2018,2024,"Progressice Conservative","GenerationX","1961-1981",6,12,2018,54
"fordsr_doug","Ontario","m",1933,2006,1995,1999,"Progressice Conservative","Silent","1925-1942",4,8,1995,62
"forster_cindy","Ontario","f",1953,NA,2011,2018,"CCF/NDP","Babyboom","1943-1960",7,14,2011,58
"foulds_jim","Ontario","m",1937,NA,1971,1987,"CCF/NDP","Silent","1925-1942",16,32,1971,34
"fox_gary","Ontario","m",1943,NA,1995,1999,"Progressice Conservative","Babyboom","1943-1960",4,8,1995,52
"frankford_robert","Ontario","m",1939,2015,1990,1995,"CCF/NDP","Silent","1925-1942",5,10,1990,51
"fraser_john","Ontario","m",1959,NA,2011,2024,"Liberal","Babyboom","1943-1960",13,26,2011,52
"french_jennifer","Ontario","f",1978,NA,2014,2024,"CCF/NDP","GenerationX","1961-1981",10,20,2014,36
"froese_tom","Ontario","m",1952,NA,1995,1999,"Progressice Conservative","Babyboom","1943-1960",4,8,1995,43
"fulton_ed","Ontario","m",1938,NA,1985,1990,"Liberal","Silent","1925-1942",5,10,1985,47
"furlong_allan","Ontario","m",1942,NA,1987,1990,"Liberal","Silent","1925-1942",3,6,1987,45
"galt_doug","Ontario","m",1937,NA,1995,2003,"Progressice Conservative","Silent","1925-1942",8,16,1995,58
"gaunt_murray","Ontario","m",1935,2009,1963,1981,"Liberal","Silent","1925-1942",18,36,1963,28
"gerretsen_john","Ontario","m",1942,NA,1995,2014,"Liberal","Silent","1925-1942",19,38,1995,53
"ghamari_goldie","Ontario","f",1985,NA,2018,2024,"Progressice Conservative","Millenial","1982-2004",6,12,2018,33
"gilchrist_steve","Ontario","m",1954,NA,1995,2003,"Progressice Conservative","Babyboom","1943-1960",8,16,1995,41
"gill_parm","Ontario","m",1974,NA,2018,2024,"Progressice Conservative","GenerationX","1961-1981",6,12,2018,44
"gill_raminder","Ontario","m",1950,NA,1999,2003,"Progressice Conservative","Babyboom","1943-1960",4,8,1999,49
"gillies_phil","Ontario","m",1954,NA,1981,1987,"Progressice Conservative","Babyboom","1943-1960",6,12,1981,27
"glover_chris","Ontario","m",1961,NA,2018,2024,"CCF/NDP","GenerationX","1961-1981",6,12,2018,57
"gordon_jim","Ontario","m",1937,NA,1981,1987,"Progressice Conservative","Silent","1925-1942",6,12,1981,44
"grande_tony","Ontario","m",1943,2006,1975,1987,"CCF/NDP","Babyboom","1943-1960",12,24,1975,32
"grandmaitre_bernard","Ontario","m",1933,NA,1981,1999,"Liberal","Silent","1925-1942",18,36,1981,48
"gravelle_michael","Ontario","m",1949,NA,1995,2024,"Liberal","Babyboom","1943-1960",29,58,1995,46
"gregory_bud","Ontario","m",1926,2016,1975,1987,"Progressice Conservative","Silent","1925-1942",12,24,1975,49
"gretzky_lisa","Ontario","f",1971,NA,2014,2024,"CCF/NDP","GenerationX","1961-1981",10,20,2014,43
"grier_ruth","Ontario","f",1936,NA,1985,1995,"CCF/NDP","Silent","1925-1942",10,20,1985,49
"grimmett_bill","Ontario","m",1956,NA,1995,1999,"Progressice Conservative","Babyboom","1943-1960",4,8,1995,39
"grossman_larry","Ontario","m",1943,1997,1975,1987,"Progressice Conservative","Babyboom","1943-1960",12,24,1975,32
"guindon_luc","Ontario","m",1943,NA,1985,1987,"Progressice Conservative","Babyboom","1943-1960",2,4,1985,42
"guzzo_garry","Ontario","m",1941,NA,1995,2003,"Progressice Conservative","Silent","1925-1942",8,16,1995,54
"haeck_christel","Ontario","f",1948,NA,1990,1995,"CCF/NDP","Babyboom","1943-1960",5,10,1990,42
"hall_ross","Ontario","m",1925,1999,1975,1981,"Liberal","Silent","1925-1942",6,12,1975,50
"hampton_howard","Ontario","m",1952,NA,1987,2011,"CCF/NDP","Babyboom","1943-1960",24,48,1987,35
"hansen_ron","Ontario","m",1943,NA,1990,1995,"CCF/NDP","Babyboom","1943-1960",5,10,1990,47
"hardeman_ernie","Ontario","m",1947,NA,1995,2024,"Progressice Conservative","Babyboom","1943-1960",29,58,1995,48
"harden_joel","Ontario","m",1971,NA,2018,2024,"CCF/NDP","GenerationX","1961-1981",6,12,2018,47
"harnick_charles","Ontario","m",1950,NA,1990,1999,"Progressice Conservative","Babyboom","1943-1960",9,18,1990,40
"harrington_margaret","Ontario","f",1945,NA,1990,1995,"CCF/NDP","Babyboom","1943-1960",5,10,1990,45
"harris_michael","Ontario","m",1979,NA,2011,2018,"Progressice Conservative","GenerationX","1961-1981",7,14,2011,32
"harris_michaelsr","Ontario","m",1945,NA,1981,2002,"Progressice Conservative","Babyboom","1943-1960",21,42,1981,36
"harrisjr_mike","Ontario","m",1985,NA,2018,2024,"Progressice Conservative","Millenial","1982-2004",6,12,2018,33
"hart_christine","Ontario","f",1950,NA,1985,1990,"Liberal","Babyboom","1943-1960",5,10,1985,35
"haslam_karen","Ontario","f",1946,NA,1990,1995,"CCF/NDP","Babyboom","1943-1960",5,10,1990,44
"hastings_john","Ontario","m",1942,NA,1995,2003,"Progressice Conservative","Silent","1925-1942",8,16,1995,53
"hatfield_percy","Ontario","m",1948,NA,2011,2024,"CCF/NDP","Babyboom","1943-1960",13,26,2011,63
"henderson_jim","Ontario","m",1940,2020,1985,1995,"Liberal","Silent","1925-1942",10,20,1985,45
"hillier_randy","Ontario","m",1958,NA,2007,2024,"Progressice Conservative","Babyboom","1943-1960",17,34,2007,49
"hodgson_chris","Ontario","m",1962,NA,1990,2003,"Progressice Conservative","GenerationX","1961-1981",13,26,1990,28
"hodgson_louis","Ontario","m",1936,2012,1963,1967,"Progressice Conservative","Silent","1925-1942",4,8,1963,27
"hodgson_ronaldglen","Ontario","m",1926,1996,1963,1975,"Progressice Conservative","Silent","1925-1942",12,24,1963,37
"hoggarth_ann","Ontario","f",1950,NA,2014,2018,"Liberal","Babyboom","1943-1960",4,8,2014,64
"holyday_douglasc","Ontario","m",1942,NA,2011,2014,"Progressice Conservative","Silent","1925-1942",3,6,2011,69
"hope_randy","Ontario","m",1959,NA,1990,1995,"CCF/NDP","Babyboom","1943-1960",5,10,1990,31
"horwath_andrea","Ontario","f",1962,NA,2003,2024,"CCF/NDP","GenerationX","1961-1981",21,42,2003,41
"hosek_chaviva","Ontario","f",1946,NA,1987,1990,"Liberal","Babyboom","1943-1960",3,6,1987,41
"hoskins_eric","Ontario","m",1960,NA,2007,2018,"Liberal","Babyboom","1943-1960",11,22,2007,47
"hoy_pat","Ontario","m",1950,NA,1995,2011,"Liberal","Babyboom","1943-1960",16,32,1995,45
"hudak_tim","Ontario","m",1967,NA,1995,2016,"Progressice Conservative","GenerationX","1961-1981",21,42,1995,28
"hunter_mitzie","Ontario","f",1971,NA,2011,2024,"Liberal","GenerationX","1961-1981",13,26,2011,40
"isaacs_colin","Ontario","m",1948,NA,1977,1981,"CCF/NDP","Babyboom","1943-1960",4,8,1977,29
"jackson_cameron","Ontario","m",1951,NA,1985,2006,"Progressice Conservative","Babyboom","1943-1960",21,42,1985,34
"jackson_don","Ontario","m",1930,NA,1967,1971,"CCF/NDP","Silent","1925-1942",4,8,1967,37
"jackson_rod","Ontario","m",1970,NA,2011,2014,"Progressice Conservative","GenerationX","1961-1981",3,6,2011,41
"jaczek_helena","Ontario","f",1950,NA,2007,2018,"Liberal","Babyboom","1943-1960",11,22,2007,57
"jamison_norm","Ontario","m",1950,2017,1990,1995,"CCF/NDP","Babyboom","1943-1960",5,10,1990,40
"jeffrey_linda","Ontario","f",1958,NA,2003,2014,"Liberal","Babyboom","1943-1960",11,22,2003,45
"johns_helen","Ontario","f",1953,NA,1995,2003,"Progressice Conservative","Babyboom","1943-1960",8,16,1995,42
"johnson_bert","Ontario","m",1939,NA,1995,2003,"Progressice Conservative","Silent","1925-1942",8,16,1995,56
"johnson_david","Ontario","m",1945,NA,1990,1999,"Progressice Conservative","Babyboom","1943-1960",9,18,1990,45
"johnson_jack","Ontario","m",1930,2009,1975,1990,"Progressice Conservative","Silent","1925-1942",15,30,1975,45
"johnson_paul","Ontario","m",1952,NA,1990,1995,"CCF/NDP","Babyboom","1943-1960",5,10,1990,38
"johnson_ron","Ontario","m",1966,NA,1995,1999,"Progressice Conservative","GenerationX","1961-1981",4,8,1995,29
"johnston_richard","Ontario","m",1946,NA,1977,1990,"CCF/NDP","Babyboom","1943-1960",13,26,1977,31
"jones_sylvia","Ontario","f",1965,NA,2007,2024,"Progressice Conservative","GenerationX","1961-1981",17,34,2007,42
"jones_terry","Ontario","m",1938,2014,1975,1985,"Progressice Conservative","Silent","1925-1942",10,20,1975,37
"jordan_leo","Ontario","m",1929,2015,1990,1999,"Progressice Conservative","Silent","1925-1942",9,18,1990,61
"kanter_ron","Ontario","m",1948,NA,1987,1990,"Liberal","Babyboom","1943-1960",3,6,1987,39
"karpoche_bhutila","Ontario","f",1983,NA,2018,2024,"CCF/NDP","Millenial","1982-2004",6,12,2018,35
"kennedy_gerard","Ontario","m",1960,NA,1999,2006,"Liberal","Babyboom","1943-1960",7,14,1999,39
"keyes_ken","Ontario","m",1930,NA,1985,1990,"Liberal","Silent","1925-1942",5,10,1985,55
"khanjin_andrea","Ontario","f",1987,NA,2018,2024,"Progressice Conservative","Millenial","1982-2004",6,12,2018,31
"kiwala_sophie","Ontario","f",1962,NA,2014,2018,"Liberal","GenerationX","1961-1981",4,8,2014,52
"klees_frank","Ontario","m",1951,NA,1995,2014,"Progressice Conservative","Babyboom","1943-1960",19,38,1995,44
"klopp_paul","Ontario","m",1957,NA,1990,1995,"CCF/NDP","Babyboom","1943-1960",5,10,1990,33
"knight_don","Ontario","m",1942,NA,1985,1987,"Liberal","Silent","1925-1942",2,4,1985,43
"knight_ronald","Ontario","m",1932,NA,1967,1971,"Liberal","Silent","1925-1942",4,8,1967,35
"kolyn_al","Ontario","m",1932,NA,1981,1985,"Progressice Conservative","Silent","1925-1942",4,8,1981,49
"kormos_peter","Ontario","m",1952,2013,1987,2011,"CCF/NDP","Babyboom","1943-1960",24,48,1987,35
"kozyra_taras","Ontario","m",1941,NA,1987,1990,"Liberal","Silent","1925-1942",3,6,1987,46
"kramp_daryl","Ontario","m",1947,NA,2018,2024,"Progressice Conservative","Babyboom","1943-1960",6,12,2018,71
"kular_kuldip","Ontario","m",1948,NA,2003,2011,"Liberal","Babyboom","1943-1960",8,16,2003,55
"kwinter_monte","Ontario","m",1931,NA,1985,2018,"Liberal","Silent","1925-1942",33,66,1985,54
"lalonde_jeanmarc","Ontario","m",1935,NA,1995,2011,"Liberal","Silent","1925-1942",16,32,1995,60
"lalonde_mariefrance","Ontario","f",1971,NA,2014,2019,"Liberal","GenerationX","1961-1981",5,10,2014,43
"lankin_frances","Ontario","f",1954,NA,1990,2001,"CCF/NDP","Babyboom","1943-1960",11,22,1990,36
"laughren_floyd","Ontario","m",1935,NA,1971,1998,"CCF/NDP","Silent","1925-1942",27,54,1971,36
"leach_al","Ontario","m",1935,NA,1995,1999,"Progressice Conservative","Silent","1925-1942",4,8,1995,60
"leadston_gary","Ontario","m",1941,2013,1995,1999,"Progressice Conservative","Silent","1925-1942",4,8,1995,54
"leal_jeff","Ontario","m",1954,NA,2003,2018,"Liberal","Babyboom","1943-1960",15,30,2003,49
"lebourdais_lindalillian","Ontario","f",1945,NA,1987,1990,"Liberal","Babyboom","1943-1960",3,6,1987,42
"lecce_stephen","Ontario","m",1986,NA,2018,2024,"Progressice Conservative","Millenial","1982-2004",6,12,2018,32
"leluk_nick","Ontario","m",1935,1998,1971,1987,"Progressice Conservative","Silent","1925-1942",16,32,1971,36
"leone_laureano","Ontario","m",1928,NA,1987,1990,"Liberal","Silent","1925-1942",3,6,1987,59
"levac_dave","Ontario","m",1954,NA,1999,2018,"Liberal","Babyboom","1943-1960",19,38,1999,45
"lewis_stephen","Ontario","m",1937,NA,1963,1978,"CCF/NDP","Silent","1925-1942",15,30,1963,26
"lindo_laura","Ontario","f",1976,NA,2018,2024,"CCF/NDP","GenerationX","1961-1981",6,12,2018,42
"lipsett_ron","Ontario","m",1944,NA,1987,1990,"Liberal","Babyboom","1943-1960",3,6,1987,43
"lupusella_antonio","Ontario","m",1944,NA,1975,1990,"CCF/NDP","Babyboom","1943-1960",15,30,1975,31
"maccharles_tracy","Ontario","f",1963,NA,2011,2018,"Liberal","GenerationX","1961-1981",7,14,2011,48
"macdonald_keith","Ontario","m",1927,2021,1987,1990,"Liberal","Silent","1925-1942",3,6,1987,60
"mackenzie_bob","Ontario","m",1928,2011,1975,1995,"CCF/NDP","Silent","1925-1942",20,40,1975,47
"mackinnon_ellen","Ontario","f",1926,2001,1990,1995,"CCF/NDP","Silent","1925-1942",5,10,1990,64
"maclaren_jack","Ontario","m",1951,NA,2011,2018,"Progressice Conservative","Babyboom","1943-1960",7,14,2011,60
"macleod_lisa","Ontario","f",1974,NA,2003,2024,"Progressice Conservative","GenerationX","1961-1981",21,42,2003,29
"macquarrie_bob","Ontario","m",1926,2007,1981,1985,"Progressice Conservative","Silent","1925-1942",4,8,1981,55
"maeck_lorne","Ontario","m",1926,2014,1971,1981,"Progressice Conservative","Silent","1925-1942",10,20,1971,45
"mahoney_steve","Ontario","m",1947,NA,1987,1995,"Liberal","Babyboom","1943-1960",8,16,1987,40
"malhi_harinder","Ontario","f",1981,NA,2014,2018,"Liberal","GenerationX","1961-1981",4,8,2014,33
"malkowski_gary","Ontario","m",1958,NA,1990,1995,"CCF/NDP","Babyboom","1943-1960",5,10,1990,32
"mammoliti_george","Ontario","m",1961,NA,1990,1995,"CCF/NDP","GenerationX","1961-1981",5,10,1990,29
"mancini_remo","Ontario","m",1951,NA,1975,1993,"Liberal","Babyboom","1943-1960",18,36,1975,24
"mangat_amrit","Ontario","f",1953,NA,2007,2018,"Liberal","Babyboom","1943-1960",11,22,2007,54
"marchese_rosario","Ontario","m",1952,NA,1990,2014,"CCF/NDP","Babyboom","1943-1960",24,48,1990,38
"marland_margaret","Ontario","f",1934,NA,1985,2003,"Progressice Conservative","Silent","1925-1942",18,36,1985,51
"martel_elie","Ontario","m",1934,NA,1967,1987,"CCF/NDP","Silent","1925-1942",20,40,1967,33
"martel_shelley","Ontario","f",1963,NA,1987,2007,"CCF/NDP","GenerationX","1961-1981",20,40,1987,24
"martin_tony","Ontario","m",1948,NA,1990,2003,"CCF/NDP","Babyboom","1943-1960",13,26,1990,42
"martiniuk_gerry","Ontario","m",1937,2017,1995,2011,"Progressice Conservative","Silent","1925-1942",16,32,1995,58
"martow_gila","Ontario","f",1961,NA,2014,2024,"Progressice Conservative","GenerationX","1961-1981",10,20,2014,53
"mathyssen_irene","Ontario","f",1951,NA,1990,1995,"CCF/NDP","Babyboom","1943-1960",5,10,1990,39
"matrundola_gino","Ontario","m",1940,NA,1987,1990,"Liberal","Silent","1925-1942",3,6,1987,47
"matthews_deb","Ontario","f",1953,NA,2003,2018,"Liberal","Babyboom","1943-1960",15,30,2003,50
"mauro_bill","Ontario","m",1956,NA,2003,2018,"Liberal","Babyboom","1943-1960",15,30,2003,47
"maves_bart","Ontario","m",1964,NA,1995,2003,"Progressice Conservative","GenerationX","1961-1981",8,16,1995,31
"mazzilli_frank","Ontario","m",1962,NA,1999,2003,"Progressice Conservative","GenerationX","1961-1981",4,8,1999,37
"mccaffrey_bruce","Ontario","m",1938,2002,1977,1987,"Progressice Conservative","Silent","1925-1942",10,20,1977,39
"mccague_george","Ontario","m",1929,2014,1975,1990,"Progressice Conservative","Silent","1925-1942",15,30,1975,46
"mcclellan_ross","Ontario","m",1942,NA,1975,1987,"CCF/NDP","Silent","1925-1942",12,24,1975,33
"mcclelland_carman","Ontario","m",1951,NA,1987,1995,"Liberal","Babyboom","1943-1960",8,16,1987,36
"mcdonell_jim","Ontario","m",1954,NA,2011,2024,"Progressice Conservative","Babyboom","1943-1960",13,26,2011,57
"mcfadden_david","Ontario","m",1945,NA,1985,1987,"Progressice Conservative","Babyboom","1943-1960",2,4,1985,40
"mcguinty_dalton","Ontario","m",1955,NA,1990,2013,"Liberal","Babyboom","1943-1960",23,46,1990,35
"mcguinty_daltonjames","Ontario","m",1926,1990,1987,1990,"Liberal","Silent","1925-1942",3,6,1987,61
"mckenna_jane","Ontario","f",1959,NA,2011,2014,"Progressice Conservative","Babyboom","1943-1960",3,6,2011,52
"mckeough_darcy","Ontario","m",1933,NA,1963,1978,"Progressice Conservative","Silent","1925-1942",15,30,1963,30
"mckessock_bob","Ontario","m",1933,NA,1975,1987,"Liberal","Silent","1925-1942",12,24,1975,42
"mclean_allan","Ontario","m",1937,NA,1981,1999,"Progressice Conservative","Silent","1925-1942",18,36,1981,44
"mcleod_lyn","Ontario","f",1942,NA,1987,2003,"Liberal","Silent","1925-1942",16,32,1987,45
"mcmahon_eleanor","Ontario","f",1962,NA,2014,2018,"Liberal","GenerationX","1961-1981",4,8,2014,52
"mcmeekin_ted","Ontario","m",1948,NA,1999,2018,"Liberal","Babyboom","1943-1960",19,38,1999,51
"mcmurtry_roy","Ontario","m",1932,NA,1975,1985,"Progressice Conservative","Silent","1925-1942",10,20,1975,43
"mcnaughton_monte","Ontario","m",1977,NA,2011,2024,"Progressice Conservative","GenerationX","1961-1981",13,26,2011,34
"mcneely_phil","Ontario","m",1938,NA,2003,2014,"Liberal","Silent","1925-1942",11,22,2003,65
"meilleur_madeleine","Ontario","f",1948,NA,2003,2016,"Liberal","Babyboom","1943-1960",13,26,2003,55
"miclash_frank","Ontario","m",1953,NA,1987,1999,"Liberal","Babyboom","1943-1960",12,24,1987,34
"milczyn_peter","Ontario","m",1965,NA,2014,2018,"Liberal","GenerationX","1961-1981",4,8,2014,49
"miller_frank","Ontario","m",1927,2000,1971,1987,"Progressice Conservative","Silent","1925-1942",16,32,1971,44
"miller_norm","Ontario","m",1956,NA,2003,2024,"Progressice Conservative","Babyboom","1943-1960",21,42,2003,47
"miller_paul","Ontario","m",1951,NA,2007,2024,"CCF/NDP","Babyboom","1943-1960",17,34,2007,56
"milligan_rob","Ontario","m",1971,NA,2011,2014,"Progressice Conservative","GenerationX","1961-1981",3,6,2011,40
"milloy_john","Ontario","m",1955,NA,2003,2014,"Liberal","Babyboom","1943-1960",11,22,2003,48
"mills_gordon","Ontario","m",1928,2004,1990,1995,"CCF/NDP","Silent","1925-1942",5,10,1990,62
"mitchell_carol","Ontario","f",1957,NA,2003,2011,"Liberal","Babyboom","1943-1960",8,16,2003,46
"mitchell_bob","Ontario","m",1931,2007,1977,1987,"Progressice Conservative","Silent","1925-1942",10,20,1977,46
"moffat_douglas","Ontario","m",1937,NA,1975,1977,"CCF/NDP","Silent","1925-1942",2,4,1975,38
"molinari_tina","Ontario","f",1956,NA,1999,2003,"Progressice Conservative","Babyboom","1943-1960",4,8,1999,43
"moridi_reza","Ontario","m",1945,NA,2007,2018,"Liberal","Babyboom","1943-1960",11,22,2007,62
"morin_blainkevin","Ontario","m",1960,NA,1995,1999,"CCF/NDP","Babyboom","1943-1960",4,8,1995,35
"morin_gilles","Ontario","m",1931,NA,1985,1999,"Liberal","Silent","1925-1942",14,28,1985,54
"morinstrom_karl","Ontario","m",1952,NA,1985,1990,"CCF/NDP","Babyboom","1943-1960",5,10,1985,33
"morrison_suze","Ontario","f",1988,NA,2018,2024,"CCF/NDP","Millenial","1982-2004",6,12,2018,30
"morrow_mark","Ontario","m",1960,NA,1990,1995,"CCF/NDP","Babyboom","1943-1960",5,10,1990,30
"mossop_jennifer","Ontario","f",1960,NA,2003,2007,"Liberal","Babyboom","1943-1960",4,8,2003,43
"mulroney_caroline","Ontario","f",1974,NA,2018,2024,"Progressice Conservative","GenerationX","1961-1981",6,12,2018,44
"munro_julia","Ontario","f",1942,2019,1995,2018,"Progressice Conservative","Silent","1925-1942",23,46,1995,53
"munro_lily","Ontario","f",1937,2021,1985,1990,"Liberal","Silent","1925-1942",5,10,1985,48
"murdoch_bill","Ontario","m",1945,NA,1990,2011,"Progressice Conservative","Babyboom","1943-1960",21,42,1990,45
"murdock_sharon","Ontario","f",1946,NA,1990,1995,"CCF/NDP","Babyboom","1943-1960",5,10,1990,44
"murphy_tim","Ontario","m",1959,NA,1990,1995,"Liberal","Babyboom","1943-1960",5,10,1990,31
"murray_glen","Ontario","m",1957,NA,2007,2017,"Liberal","Babyboom","1943-1960",10,20,2007,50
"mushinski_marilyn","Ontario","f",1946,NA,1995,2003,"Progressice Conservative","Babyboom","1943-1960",8,16,1995,49
"naqvi_yasir","Ontario","m",1973,NA,2007,2018,"Liberal","GenerationX","1961-1981",11,22,2007,34
"natyshak_taras","Ontario","m",1977,NA,2011,2024,"CCF/NDP","GenerationX","1961-1981",13,26,2011,34
"neumann_david","Ontario","m",1941,NA,1987,1990,"Liberal","Silent","1925-1942",3,6,1987,46
"newman_dan","Ontario","m",1963,NA,1995,2003,"Progressice Conservative","GenerationX","1961-1981",8,16,1995,32
"newman_bill","Ontario","m",1928,1988,1967,1981,"Progressice Conservative","Silent","1925-1942",14,28,1967,39
"nicholas_cindy","Ontario","f",1957,2016,1987,1990,"Liberal","Babyboom","1943-1960",3,6,1987,30
"nicholls_rick","Ontario","m",1951,NA,2011,2024,"Progressice Conservative","Babyboom","1943-1960",13,26,2011,60
"nixon_brad","Ontario","m",1949,NA,1987,1990,"Liberal","Babyboom","1943-1960",3,6,1987,38
"north_peter","Ontario","m",1960,NA,1990,1999,"CCF/NDP","Babyboom","1943-1960",9,18,1990,30
"norton_keith","Ontario","m",1941,2010,1975,1985,"Progressice Conservative","Silent","1925-1942",10,20,1975,34
"oconnor_lawrence","Ontario","m",1956,NA,1990,1995,"CCF/NDP","Babyboom","1943-1960",5,10,1990,34
"oconnor_terry","Ontario","m",1940,NA,1985,1987,"Progressice Conservative","Silent","1925-1942",2,4,1985,45
"offer_steve","Ontario","m",1949,NA,1985,1995,"Liberal","Babyboom","1943-1960",10,20,1985,36
"oneil_hugh","Ontario","m",1936,2015,1975,1995,"Liberal","Silent","1925-1942",20,40,1975,39
"oneill_yvonne","Ontario","f",1936,2010,1987,1995,"Liberal","Silent","1925-1942",8,16,1987,51
"oosterhoff_sam","Ontario","m",1997,NA,2014,2024,"Progressice Conservative","Millenial","1982-2004",10,20,2014,17
"orazietti_david","Ontario","m",1968,NA,2003,2016,"Liberal","GenerationX","1961-1981",13,26,2003,35
"otoole_john","Ontario","m",1944,NA,1995,2014,"Progressice Conservative","Babyboom","1943-1960",19,38,1995,51
"ouellette_jerry","Ontario","m",1959,NA,1995,2014,"Progressice Conservative","Babyboom","1943-1960",19,38,1995,36
"owen_bruce","Ontario","m",1931,NA,1987,1990,"Liberal","Silent","1925-1942",3,6,1987,56
"owens_steve","Ontario","m",1956,2016,1990,1995,"CCF/NDP","Babyboom","1943-1960",5,10,1990,34
"palladini_al","Ontario","m",1943,2001,1995,2001,"Progressice Conservative","Babyboom","1943-1960",6,12,1995,52
"parker_john","Ontario","m",1954,NA,1995,1999,"Progressice Conservative","Babyboom","1943-1960",4,8,1995,41
"parrott_harry","Ontario","m",1925,2019,1971,1981,"Progressice Conservative","Silent","1925-1942",10,20,1971,46
"parsons_ernie","Ontario","m",1946,NA,1999,2007,"Liberal","Babyboom","1943-1960",8,16,1999,53
"partington_peter","Ontario","m",1939,NA,1985,1987,"Progressice Conservative","Silent","1925-1942",2,4,1985,46
"paterson_donald","Ontario","m",1926,1999,1963,1975,"Liberal","Silent","1925-1942",12,24,1963,37
"peacock_hugh","Ontario","m",1938,NA,1967,1971,"CCF/NDP","Silent","1925-1942",4,8,1967,29
"pelissero_harry","Ontario","m",1952,NA,1987,1990,"Liberal","Babyboom","1943-1960",3,6,1987,35
"pendergast_leeanna","Ontario","f",1962,NA,2007,2011,"Liberal","GenerationX","1961-1981",4,8,2007,45
"perruzza_anthony","Ontario","m",1959,NA,1990,1995,"CCF/NDP","Babyboom","1943-1960",5,10,1990,31
"peters_steve","Ontario","m",1963,NA,1999,2011,"Liberal","GenerationX","1961-1981",12,24,1999,36
"peterson_david","Ontario","m",1943,NA,1975,1990,"Liberal","Babyboom","1943-1960",15,30,1975,32
"peterson_tim","Ontario","m",1947,NA,2003,2007,"Liberal","Babyboom","1943-1960",4,8,2003,56
"pettapiece_randy","Ontario","m",1949,NA,2011,2024,"Progressice Conservative","Babyboom","1943-1960",13,26,2011,62
"pettit_trevor","Ontario","m",1951,NA,1995,1999,"Progressice Conservative","Babyboom","1943-1960",4,8,1995,44
"philip_ed","Ontario","m",1940,NA,1975,1995,"CCF/NDP","Silent","1925-1942",20,40,1975,35
"phillips_gerry","Ontario","m",1940,NA,1987,2011,"Liberal","Silent","1925-1942",24,48,1987,47
"phillips_rod","Ontario","m",1965,NA,2018,2024,"Progressice Conservative","GenerationX","1961-1981",6,12,2018,53
"piccini_david","Ontario","m",1988,NA,2018,2024,"Progressice Conservative","Millenial","1982-2004",6,12,2018,30
"piche_rene","Ontario","m",1931,2011,1981,1985,"Progressice Conservative","Silent","1925-1942",4,8,1981,50
"pierce_jack","Ontario","m",1937,NA,1985,1987,"Progressice Conservative","Silent","1925-1942",2,4,1985,48
"pilkey_allan","Ontario","m",1945,NA,1990,1995,"CCF/NDP","Babyboom","1943-1960",5,10,1990,45
"piruzza_teresa","Ontario","f",1968,NA,2011,2014,"Liberal","GenerationX","1961-1981",3,6,2011,43
"pitman_walter","Ontario","m",1929,2018,1967,1971,"CCF/NDP","Silent","1925-1942",4,8,1967,38
"poirier_jean","Ontario","m",1950,NA,1981,1995,"Liberal","Babyboom","1943-1960",14,28,1981,31
"pollock_jim","Ontario","m",1930,NA,1981,1990,"Progressice Conservative","Silent","1925-1942",9,18,1981,51
"polsinelli_claudio","Ontario","m",1952,NA,1985,1990,"Liberal","Babyboom","1943-1960",5,10,1985,33
"poole_dianne","Ontario","f",1949,NA,1987,1995,"Liberal","Babyboom","1943-1960",8,16,1987,38
"pope_alan","Ontario","m",1945,NA,1977,1990,"Progressice Conservative","Babyboom","1943-1960",13,26,1977,32
"potts_arthur","Ontario","m",1957,NA,2014,2018,"Liberal","Babyboom","1943-1960",4,8,2014,57
"pouliot_gilles","Ontario","m",1942,NA,1985,1999,"CCF/NDP","Silent","1925-1942",14,28,1985,43
"preston_peter","Ontario","m",1935,2016,1995,1999,"Progressice Conservative","Silent","1925-1942",4,8,1995,60
"prue_michael","Ontario","m",1948,NA,1999,2014,"CCF/NDP","Babyboom","1943-1960",15,30,1999,51
"pupatello_sandra","Ontario","f",1962,NA,1995,2011,"Liberal","GenerationX","1961-1981",16,32,1995,33
"qaadri_shafiq","Ontario","m",1963,NA,2003,2018,"Liberal","GenerationX","1961-1981",15,30,2003,40
"racco_mario","Ontario","m",1955,NA,2003,2007,"Liberal","Babyboom","1943-1960",4,8,2003,48
"rae_bob","Ontario","m",1948,NA,1981,1999,"CCF/NDP","Babyboom","1943-1960",18,36,1981,33
"ramal_khalil","Ontario","m",1960,NA,2003,2011,"Liberal","Babyboom","1943-1960",8,16,2003,43
"ramsay_david","Ontario","m",1948,2020,1985,2011,"CCF/NDP","Babyboom","1943-1960",26,52,1985,37
"ramsay_russ","Ontario","m",1928,2003,1977,1985,"Progressice Conservative","Silent","1925-1942",8,16,1977,49
"rasheed_kaleed","Ontario","m",1982,NA,2018,2024,"Progressice Conservative","Millenial","1982-2004",6,12,2018,36
"ray_mike","Ontario","m",1936,NA,1987,1990,"Liberal","Silent","1925-1942",3,6,1987,51
"reed_julian","Ontario","m",1936,NA,1975,1985,"Liberal","Silent","1925-1942",10,20,1975,39
"reid_thomas","Ontario","m",1943,NA,1967,1985,"Liberal Labour","Babyboom","1943-1960",18,36,1967,24
"reid_tim","Ontario","m",1936,NA,1967,1971,"Liberal","Silent","1925-1942",4,8,1967,31
"reville_david","Ontario","m",1943,NA,1985,1990,"CCF/NDP","Babyboom","1943-1960",5,10,1985,42
"reycraft_doug","Ontario","m",1943,NA,1985,1990,"Liberal","Babyboom","1943-1960",5,10,1985,42
"rhodes_john","Ontario","m",1929,1978,1971,1978,"Progressice Conservative","Silent","1925-1942",7,14,1971,42
"rickford_greg","Ontario","m",1967,NA,2018,2024,"Progressice Conservative","GenerationX","1961-1981",6,12,2018,51
"riddell_jack","Ontario","m",1931,NA,1971,1990,"Liberal","Silent","1925-1942",19,38,1971,40
"rizzo_tony","Ontario","m",1940,NA,1990,1995,"CCF/NDP","Silent","1925-1942",5,10,1990,50
"roberts_jeremy","Ontario","m",1991,NA,2018,2024,"Progressice Conservative","Millenial","1982-2004",6,12,2018,27
"roberts_marietta","Ontario","f",1943,2020,1987,1990,"Liberal","Babyboom","1943-1960",3,6,1987,44
"robinson_alan","Ontario","m",1948,2013,1981,1985,"Progressice Conservative","Babyboom","1943-1960",4,8,1981,33
"rollins_doug","Ontario","m",1938,2012,1995,1999,"Progressice Conservative","Silent","1925-1942",4,8,1995,57
"romano_ross","Ontario","m",1979,NA,2014,2024,"Progressice Conservative","GenerationX","1961-1981",10,20,2014,35
"ross_lillian","Ontario","f",1944,NA,1995,1999,"Progressice Conservative","Babyboom","1943-1960",4,8,1995,51
"rotenberg_david","Ontario","m",1930,NA,1977,1985,"Progressice Conservative","Silent","1925-1942",8,16,1977,47
"rowe_earle","Ontario","m",1951,NA,1985,1987,"Progressice Conservative","Babyboom","1943-1960",2,4,1985,34
"roy_albert","Ontario","m",1939,NA,1971,1984,"Liberal","Silent","1925-1942",13,26,1971,32
"runciman_bob","Ontario","m",1942,NA,1981,2010,"Progressice Conservative","Silent","1925-1942",29,58,1981,39
"ruprecht_tony","Ontario","m",1942,NA,1981,2011,"Liberal","Silent","1925-1942",30,60,1981,39
"samis_george","Ontario","m",1943,NA,1971,1985,"CCF/NDP","Babyboom","1943-1960",14,28,1971,28
"sampson_rob","Ontario","m",1965,NA,1995,2003,"Progressice Conservative","GenerationX","1961-1981",8,16,1995,30
"sandals_liz","Ontario","f",1947,NA,2003,2018,"Liberal","Babyboom","1943-1960",15,30,2003,56
"sandeman_gill","Ontario","f",1937,NA,1975,1977,"CCF/NDP","Silent","1925-1942",2,4,1975,38
"sarkaria_prabmeet","Ontario","m",1988,NA,2018,2024,"Progressice Conservative","Millenial","1982-2004",6,12,2018,30
"sattler_peggy","Ontario","f",1962,NA,2011,2024,"CCF/NDP","GenerationX","1961-1981",13,26,2011,49
"saunderson_bill","Ontario","m",1933,NA,1995,1999,"Progressice Conservative","Silent","1925-1942",4,8,1995,62
"savoline_joyce","Ontario","f",1946,NA,2007,2011,"Progressice Conservative","Babyboom","1943-1960",4,8,2007,61
"schein_jonah","Ontario","m",1974,NA,2011,2014,"CCF/NDP","GenerationX","1961-1981",3,6,2011,37
"schreiner_mike","Ontario","m",1969,NA,2018,2024,"Green Party","GenerationX","1961-1981",6,12,2018,49
"scott_ian","Ontario","m",1934,2006,1985,1992,"Liberal","Silent","1925-1942",7,14,1985,51
"scott_laurie","Ontario","f",1962,NA,2003,2024,"Progressice Conservative","GenerationX","1961-1981",21,42,2003,41
"sergio_mario","Ontario","m",1940,NA,1995,2018,"Liberal","Silent","1925-1942",23,46,1995,55
"shaw_sandy","Ontario","f",1960,NA,2018,2024,"CCF/NDP","Babyboom","1943-1960",6,12,2018,58
"shea_derwyn","Ontario","m",1937,2015,1995,1999,"Progressice Conservative","Silent","1925-1942",4,8,1995,58
"sheehan_frank","Ontario","m",1933,2013,1995,1999,"Progressice Conservative","Silent","1925-1942",4,8,1995,62
"sheppard_howard","Ontario","m",1933,2013,1981,1987,"Progressice Conservative","Silent","1925-1942",6,12,1981,48
"shore_marv","Ontario","m",1929,2019,1975,1977,"Liberal","Silent","1925-1942",2,4,1975,46
"shulman_morton","Ontario","m",1925,2000,1967,1975,"CCF/NDP","Silent","1925-1942",8,16,1967,42
"shurman_peter","Ontario","m",1947,NA,2007,2013,"Progressice Conservative","Babyboom","1943-1960",6,12,2007,60
"shymko_yuri","Ontario","m",1940,NA,1981,1987,"Progressice Conservative","Silent","1925-1942",6,12,1981,41
"silipo_tony","Ontario","m",1957,2012,1990,1999,"CCF/NDP","Babyboom","1943-1960",9,18,1990,33
"simard_amanda","Ontario","f",1989,NA,2018,2024,"Progressice Conservative","Millenial","1982-2004",6,12,2018,29
"singh_gurratan","Ontario","m",1984,NA,2018,2024,"CCF/NDP","Millenial","1982-2004",6,12,2018,34
"singh_jagmeet","Ontario","m",1979,NA,2011,2017,"CCF/NDP","GenerationX","1961-1981",6,12,2011,32
"singh_sara","Ontario","f",1985,NA,2018,2024,"CCF/NDP","Millenial","1982-2004",6,12,2018,33
"skarica_toni","Ontario","m",1954,NA,1995,2000,"Progressice Conservative","Babyboom","1943-1960",5,10,1995,41
"skelly_donna","Ontario","f",1961,NA,2018,2024,"Progressice Conservative","GenerationX","1961-1981",6,12,2018,57
"sloat_ann","Ontario","f",1928,2017,1981,1985,"Progressice Conservative","Silent","1925-1942",4,8,1981,53
"smith_dave","Ontario","m",1970,NA,2018,2024,"Progressice Conservative","GenerationX","1961-1981",6,12,2018,48
"smith_davidwilliam","Ontario","m",1938,NA,1985,1990,"Liberal","Silent","1925-1942",5,10,1985,47
"smith_joan","Ontario","f",1928,2016,1985,1990,"Liberal","Silent","1925-1942",5,10,1985,57
"smith_johnroxborough","Ontario","m",1936,2018,1967,1977,"Progressice Conservative","Silent","1925-1942",10,20,1967,31
"smith_monique","Ontario","f",1965,NA,2003,2011,"Liberal","GenerationX","1961-1981",8,16,2003,38
"smith_richardstanley","Ontario","m",1931,1978,1963,1977,"Liberal","Silent","1925-1942",14,28,1963,32
"smith_stuart","Ontario","m",1938,2020,1975,1982,"Liberal","Silent","1925-1942",7,14,1975,37
"smith_todd","Ontario","m",1970,NA,2011,2024,"Progressice Conservative","GenerationX","1961-1981",13,26,2011,41
"smitherman_george","Ontario","m",1964,NA,1999,2010,"Liberal","GenerationX","1961-1981",11,22,1999,35
"snobelen_john","Ontario","m",1954,NA,1995,2003,"Progressice Conservative","Babyboom","1943-1960",8,16,1995,41
"snow_james","Ontario","m",1929,2008,1967,1985,"Progressice Conservative","Silent","1925-1942",18,36,1967,38
"sola_john","Ontario","m",1944,NA,1987,1995,"Liberal","Babyboom","1943-1960",8,16,1987,43
"sousa_charles","Ontario","m",1958,NA,2007,2018,"Liberal","Babyboom","1943-1960",11,22,2007,49
"south_larry","Ontario","m",1925,NA,1985,1990,"Liberal","Silent","1925-1942",5,10,1985,60
"spensieri_mike","Ontario","m",1949,2013,1981,1985,"Liberal","Babyboom","1943-1960",4,8,1981,32
"spina_joe","Ontario","m",1946,NA,1995,2003,"Progressice Conservative","Babyboom","1943-1960",8,16,1995,49
"sterling_norman","Ontario","m",1942,NA,1977,2011,"Progressice Conservative","Silent","1925-1942",34,68,1977,35
"stevenson_ross","Ontario","m",1942,NA,1981,1987,"Progressice Conservative","Silent","1925-1942",6,12,1981,39
"stewart_gary","Ontario","m",1938,NA,1995,2003,"Progressice Conservative","Silent","1925-1942",8,16,1995,57
"stiles_marit","Ontario","f",1969,NA,2018,2024,"CCF/NDP","GenerationX","1961-1981",6,12,2018,49
"stockwell_chris","Ontario","m",1957,2018,1990,2003,"Progressice Conservative","Babyboom","1943-1960",13,26,1990,33
"stoner_norah","Ontario","f",1945,NA,1987,1990,"Liberal","Babyboom","1943-1960",3,6,1987,42
"strong_alf","Ontario","m",1940,NA,1975,1981,"Liberal","Silent","1925-1942",6,12,1975,35
"sullivan_barbara","Ontario","f",1943,2021,1987,1995,"Liberal","Babyboom","1943-1960",8,16,1987,44
"sutherland_kimble","Ontario","m",1966,NA,1990,1995,"CCF/NDP","GenerationX","1961-1981",5,10,1990,24
"swarbrick_anne","Ontario","f",1952,NA,1990,1995,"CCF/NDP","Babyboom","1943-1960",5,10,1990,38
"sweeney_john","Ontario","m",1931,2001,1975,1990,"Liberal","Silent","1925-1942",15,30,1975,44
"tabuns_peter","Ontario","m",1951,NA,2003,2024,"CCF/NDP","Babyboom","1943-1960",21,42,2003,52
"takhar_harinder","Ontario","m",1951,NA,2003,2018,"Liberal","Babyboom","1943-1960",15,30,2003,52
"tascona_joe","Ontario","m",1951,NA,1995,2007,"Progressice Conservative","Babyboom","1943-1960",12,24,1995,44
"tatham_charlie","Ontario","m",1925,2016,1987,1990,"Liberal","Silent","1925-1942",3,6,1987,62
"taylor_george","Ontario","m",1937,NA,1977,1985,"Progressice Conservative","Silent","1925-1942",8,16,1977,40
"taylor_james","Ontario","m",1928,2020,1971,1987,"Progressice Conservative","Silent","1925-1942",16,32,1971,43
"taylor_monique","Ontario","f",1972,NA,2011,2024,"CCF/NDP","GenerationX","1961-1981",13,26,2011,39
"taylor_paulfrederick","Ontario","m",1939,NA,1971,1975,"Liberal","Silent","1925-1942",4,8,1971,32
"thanigasalam_vijay","Ontario","m",1989,NA,2018,2024,"Progressice Conservative","Millenial","1982-2004",6,12,2018,29
"thibeault_glenn","Ontario","m",1969,NA,2014,2018,"Liberal","GenerationX","1961-1981",4,8,2014,45
"thompson_lisa","Ontario","f",1965,NA,2011,2024,"Progressice Conservative","GenerationX","1961-1981",13,26,2011,46
"tibollo_michael","Ontario","m",1960,NA,2018,2024,"Progressice Conservative","Babyboom","1943-1960",6,12,2018,58
"tilson_david","Ontario","m",1941,NA,1990,2002,"Progressice Conservative","Silent","1925-1942",12,24,1990,49
"timbrell_dennis","Ontario","m",1946,NA,1971,1987,"Progressice Conservative","Babyboom","1943-1960",16,32,1971,25
"tory_john","Ontario","m",1954,NA,2003,2007,"Progressice Conservative","Babyboom","1943-1960",4,8,2003,49
"treleaven_dick","Ontario","m",1934,NA,1981,1987,"Progressice Conservative","Silent","1925-1942",6,12,1981,47
"tsubouchi_dave","Ontario","m",1951,NA,1995,2003,"Progressice Conservative","Babyboom","1943-1960",8,16,1995,44
"turnbull_david","Ontario","m",1942,NA,1990,2003,"Progressice Conservative","Silent","1925-1942",13,26,1990,48
"vanhorne_ron","Ontario","m",1932,2017,1977,1987,"Liberal","Silent","1925-1942",10,20,1977,45
"vankoughnet_william","Ontario","m",1943,NA,1995,1999,"Progressice Conservative","Babyboom","1943-1960",4,8,1995,52
"vanthof_john","Ontario","m",1963,NA,2011,2024,"CCF/NDP","GenerationX","1961-1981",13,26,2011,48
"velshi_murad","Ontario","m",1935,NA,1987,1990,"Liberal","Silent","1925-1942",3,6,1987,52
"vernile_daiene","Ontario","f",1960,NA,2014,2018,"Liberal","Babyboom","1943-1960",4,8,2014,54
"villeneuve_noble","Ontario","m",1938,2018,1981,1999,"Progressice Conservative","Silent","1925-1942",18,36,1981,43
"walker_bill","Ontario","m",1966,NA,2011,2024,"Progressice Conservative","GenerationX","1961-1981",13,26,2011,45
"ward_brad","Ontario","m",1956,NA,1990,1995,"CCF/NDP","Babyboom","1943-1960",5,10,1990,34
"ward_chris","Ontario","m",1949,NA,1985,1990,"Liberal","Babyboom","1943-1960",5,10,1985,36
"ward_margery","Ontario","f",1942,1993,1990,1993,"CCF/NDP","Silent","1925-1942",3,6,1990,48
"warkmartyn_shelley","Ontario","f",1963,NA,1990,1995,"CCF/NDP","GenerationX","1961-1981",5,10,1990,27
"watson_andy","Ontario","m",1937,NA,1977,1985,"Progressice Conservative","Silent","1925-1942",8,16,1977,40
"watson_jim","Ontario","m",1961,NA,2003,2010,"Liberal","GenerationX","1961-1981",7,14,2003,42
"welch_bob","Ontario","m",1928,2000,1963,1985,"Progressice Conservative","Silent","1925-1942",22,44,1963,35
"wells_thomas","Ontario","m",1930,2000,1963,1985,"Progressice Conservative","Silent","1925-1942",22,44,1963,33
"wessenger_paul","Ontario","m",1937,NA,1990,1995,"CCF/NDP","Silent","1925-1942",5,10,1990,53
"wettlaufer_wayne","Ontario","m",1943,2015,1995,2003,"Progressice Conservative","Babyboom","1943-1960",8,16,1995,52
"white_drummond","Ontario","m",1951,NA,1990,1995,"CCF/NDP","Babyboom","1943-1960",5,10,1990,39
"wildman_charles","Ontario","m",1946,NA,1975,1999,"CCF/NDP","Babyboom","1943-1960",24,48,1975,29
"williams_john","Ontario","m",1930,NA,1975,1985,"Progressice Conservative","Silent","1925-1942",10,20,1975,45
"wilson_fred","Ontario","m",1941,NA,1990,1995,"CCF/NDP","Silent","1925-1942",5,10,1990,49
"wilson_gary","Ontario","m",1946,NA,1990,1995,"CCF/NDP","Babyboom","1943-1960",5,10,1990,44
"wilson_jim","Ontario","m",1963,NA,1990,2024,"Progressice Conservative","GenerationX","1961-1981",34,68,1990,27
"wilson_mavis","Ontario","f",1949,NA,1987,1990,"Liberal","Babyboom","1943-1960",3,6,1987,38
"winninger_david","Ontario","m",1949,NA,1990,1995,"CCF/NDP","Babyboom","1943-1960",5,10,1990,41
"wiseman_douglas","Ontario","m",1930,2020,1971,1990,"Progressice Conservative","Silent","1925-1942",19,38,1971,41
"wiseman_james","Ontario","m",1949,NA,1990,1995,"CCF/NDP","Babyboom","1943-1960",5,10,1990,41
"witmer_elizabeth","Ontario","f",1946,NA,1990,2012,"Progressice Conservative","Babyboom","1943-1960",22,44,1990,44
"wong_bob","Ontario","m",1941,NA,1987,1990,"Liberal","Silent","1925-1942",3,6,1987,46
"wong_soo","Ontario","f",1962,NA,2011,2018,"Liberal","GenerationX","1961-1981",7,14,2011,49
"wong_tony","Ontario","m",1948,2009,2003,2006,"Liberal","Babyboom","1943-1960",3,6,2003,55
"wood_bob","Ontario","m",1949,NA,1995,2003,"Progressice Conservative","Babyboom","1943-1960",8,16,1995,46
"wood_leonard","Ontario","m",1942,NA,1990,1999,"CCF/NDP","Silent","1925-1942",9,18,1990,48
"wrye_bill","Ontario","m",1944,NA,1981,1990,"Liberal","Babyboom","1943-1960",9,18,1981,37
"wynne_kathleen","Ontario","f",1953,NA,2003,2024,"Liberal","Babyboom","1943-1960",21,42,2003,50
"yakabuski_john","Ontario","m",1957,NA,2003,2024,"Progressice Conservative","Babyboom","1943-1960",21,42,2003,46
"young_david","Ontario","m",1957,NA,1999,2003,"Progressice Conservative","Babyboom","1943-1960",4,8,1999,42
"young_terence","Ontario","m",1952,NA,1995,1999,"Progressice Conservative","Babyboom","1943-1960",4,8,1995,43
"yurek_jeff","Ontario","m",1971,NA,2011,2024,"Progressice Conservative","GenerationX","1961-1981",13,26,2011,40
"ziemba_ed","Ontario","m",1932,NA,1975,1981,"CCF/NDP","Silent","1925-1942",6,12,1975,43
"ziemba_elaine","Ontario","f",1942,NA,1990,1995,"CCF/NDP","Silent","1925-1942",5,10,1990,48
"zimmer_david","Ontario","m",1944,NA,2003,2018,"Liberal","Babyboom","1943-1960",15,30,2003,59
"jean_alfred","Quebec","m",1940,2015,1976,1981,"Parti Quebecois","Silent","1925-1942",5,10,1976,36
"simon_allaire","Quebec","m",1977,NA,2018,2024,"Coalition Avenir Quebec","GenerationX","1961-1981",6,12,2018,41
"dominique_anglade","Quebec","f",1974,NA,2014,2024,"Liberal","GenerationX","1961-1981",10,20,2014,40
"francois_aquin","Quebec","m",1929,2017,1966,1968,"Liberal","Silent","1925-1942",2,4,1966,37
"pierre_arcand","Quebec","m",1951,NA,2007,2024,"Liberal","Babyboom","1943-1960",17,34,2007,56
"damien_arsenault","Quebec","m",1960,NA,2008,2012,"Liberal","Babyboom","1943-1960",4,8,2008,48
"joel_arseneau","Quebec","m",1965,NA,2018,2024,"Parti Quebecois","GenerationX","1961-1981",6,12,2018,53
"maxime_arseneau","Quebec","m",1949,NA,1998,2008,"Parti Quebecois","Babyboom","1943-1960",10,20,1998,49
"mario_asselin","Quebec","m",1961,NA,2018,2024,"Coalition Avenir Quebec","GenerationX","1961-1981",6,12,2018,57
"vincent_auclair","Quebec","m",1965,NA,2003,2012,"Liberal","GenerationX","1961-1981",9,18,2003,38
"jean_audet","Quebec","m",1956,NA,1985,1994,"Liberal","Babyboom","1943-1960",9,18,1985,29
"michel_audet","Quebec","m",1940,NA,2003,2007,"Liberal","Silent","1925-1942",4,8,2003,63
"jeanmartin_aussant","Quebec","m",1970,NA,2008,2012,"Parti Quebecois","GenerationX","1961-1981",4,8,2008,38
"andre_bachand","Quebec","m",1961,NA,2018,2024,"Coalition Avenir Quebec","GenerationX","1961-1981",6,12,2018,57
"raymond_bachand","Quebec","m",1947,NA,2003,2013,"Liberal","Babyboom","1943-1960",10,20,2003,56
"guy_bacon","Quebec","m",1936,2018,1970,1976,"Liberal","Silent","1925-1942",6,12,1970,34
"diane_barbeau","Quebec","f",1961,NA,1994,2003,"Parti Quebecois","GenerationX","1961-1981",9,18,1994,33
"gilles_baril","Quebec","m",1940,NA,1985,1989,"Liberal","Silent","1925-1942",4,8,1985,45
"gaetan_barrette","Quebec","m",1956,NA,2014,2024,"Liberal","Babyboom","1943-1960",10,20,2014,58
"line_beauchamp","Quebec","f",1963,NA,1998,2012,"Liberal","GenerationX","1961-1981",14,28,1998,35
"regent_beaudet","Quebec","m",1939,NA,1994,1997,"Liberal","Silent","1925-1942",3,6,1994,55
"andre_beaudin","Quebec","m",1942,NA,1985,1994,"Liberal","Silent","1925-1942",9,18,1985,43
"mario_beaulieu","Quebec","m",1930,1998,1966,1970,"Union Nationale","Silent","1925-1942",4,8,1966,36
"francois_beaulne","Quebec","m",1946,NA,1989,2003,"Parti Quebecois","Babyboom","1943-1960",14,28,1989,43
"pascal_beaupre","Quebec","m",1983,NA,2007,2008,"Action Democratique du Quebec","Millenial","1982-2004",1,2,2007,24
"jeanmarie_beauregard","Quebec","m",1932,2011,1973,1976,"Liberal","Silent","1925-1942",3,6,1973,41
"jacques_beausejour","Quebec","m",1939,NA,1976,1985,"Parti Quebecois","Silent","1925-1942",9,18,1976,37
"claude_bechard","Quebec","m",1969,2010,1994,2010,"Liberal","GenerationX","1961-1981",16,32,1994,25
"marcandre_bedard","Quebec","m",1935,NA,1973,1985,"Parti Quebecois","Silent","1925-1942",12,24,1973,38
"marcel_bedard","Quebec","m",1940,NA,1973,1976,"Liberal","Silent","1925-1942",3,6,1973,33
"stephane_bedard","Quebec","m",1968,NA,1998,2015,"Parti Quebecois","GenerationX","1961-1981",17,34,1998,30
"louise_begin","Quebec","f",1955,NA,1985,1994,"Liberal","Babyboom","1943-1960",9,18,1985,30
"paul_begin","Quebec","m",1943,NA,1994,2003,"Parti Quebecois","Babyboom","1943-1960",9,18,1994,51
"jeanlouis_beland","Quebec","m",1932,NA,1970,1973,"Parti Creditiste","Silent","1925-1942",3,6,1970,38
"gilles_belanger","Quebec","m",1958,NA,2018,2024,"Coalition Avenir Quebec","Babyboom","1943-1960",6,12,2018,60
"guy_belanger","Quebec","m",1942,2016,1985,1993,"Liberal","Silent","1925-1942",8,16,1985,43
"madeleine_belanger","Quebec","f",1932,NA,1981,2003,"Liberal","Silent","1925-1942",22,44,1981,49
"pierre_belanger","Quebec","m",1960,NA,1989,1998,"Parti Quebecois","Babyboom","1943-1960",9,18,1989,29
"jeanpierre_belisle","Quebec","m",1948,NA,1985,1994,"Liberal","Babyboom","1943-1960",9,18,1985,37
"gilles_bellemare","Quebec","m",1932,1980,1973,1976,"Liberal","Silent","1925-1942",3,6,1973,41
"marc_bellemare","Quebec","m",1956,NA,2003,2004,"Liberal","Babyboom","1943-1960",1,2,2003,47
"francisedouard_belliveau","Quebec","m",1928,2010,1966,1970,"Union Nationale","Silent","1925-1942",4,8,1966,38
"francois_benjamin","Quebec","m",1962,NA,2007,2008,"Action Democratique du Quebec","GenerationX","1961-1981",1,2,2007,45
"frantz_benjamin","Quebec","m",1968,NA,2018,2024,"Liberal","GenerationX","1961-1981",6,12,2018,50
"hubert_benoit","Quebec","m",1963,NA,2007,2008,"Action Democratique du Quebec","GenerationX","1961-1981",1,2,2007,44
"robert_benoit","Quebec","m",1944,NA,1989,2003,"Liberal","Babyboom","1943-1960",14,28,1989,45
"marcel_berard","Quebec","m",1933,NA,1973,1976,"Liberal","Silent","1925-1942",3,6,1973,40
"jeanguy_bergeron","Quebec","m",1927,2018,1989,1994,"Liberal","Silent","1925-1942",5,10,1989,62
"jeanpaul_bergeron","Quebec","m",1947,NA,1998,2003,"Parti Quebecois","Babyboom","1943-1960",5,10,1998,51
"marc_bergeron","Quebec","m",1933,2003,1966,1970,"Union Nationale","Silent","1925-1942",4,8,1966,33
"stephane_bergeron","Quebec","m",1965,NA,2003,2018,"Parti Quebecois","GenerationX","1961-1981",15,30,2003,38
"lawrence_bergman","Quebec","m",1940,NA,1994,2014,"Liberal","Silent","1925-1942",20,40,1994,54
"jacques_bernier","Quebec","m",1928,1992,1962,1966,"Liberal","Silent","1925-1942",4,8,1962,34
"paul_berthiaume","Quebec","m",1939,2003,1970,1976,"Liberal","Silent","1925-1942",6,12,1970,31
"jeanfrancois_bertrand","Quebec","m",1946,NA,1976,1985,"Parti Quebecois","Babyboom","1943-1960",9,18,1976,30
"roger_bertrand","Quebec","m",1947,NA,1989,2003,"Parti Quebecois","Babyboom","1943-1960",14,28,1989,42
"rosaire_bertrand","Quebec","m",1936,NA,1994,2007,"Parti Quebecois","Silent","1925-1942",13,26,1994,58
"pascal_berube","Quebec","m",1975,NA,2007,2024,"Parti Quebecois","GenerationX","1961-1981",17,34,2007,32
"yves_berube","Quebec","m",1940,1993,1976,1985,"Parti Quebecois","Silent","1925-1942",9,18,1976,36
"jean_bienvenue","Quebec","m",1928,2018,1966,1976,"Liberal","Silent","1925-1942",10,20,1966,38
"stephane_billette","Quebec","m",1971,NA,2008,2018,"Liberal","GenerationX","1961-1981",10,20,2008,37
"david_birnbaum","Quebec","m",1956,NA,2014,2024,"Liberal","Babyboom","1943-1960",10,20,2014,58
"rodrigue_biron","Quebec","m",1934,NA,1976,1985,"Union Nationale","Silent","1925-1942",9,18,1976,42
"guy_bisaillon","Quebec","m",1939,2017,1976,1985,"Parti Quebecois","Silent","1925-1942",9,18,1976,37
"michel_bissonnet","Quebec","m",1942,NA,1981,2008,"Liberal","Silent","1925-1942",27,54,1981,39
"gaston_blackburn","Quebec","m",1942,NA,1985,1994,"Liberal","Silent","1925-1942",9,18,1985,43
"jeannel_blackburn","Quebec","f",1934,NA,1985,1998,"Parti Quebecois","Silent","1925-1942",13,26,1985,51
"karl_blackburn","Quebec","m",1967,NA,2003,2007,"Liberal","GenerationX","1961-1981",4,8,2003,36
"francois_blais","Quebec","m",1961,NA,2014,2018,"Liberal","GenerationX","1961-1981",4,8,2014,53
"marguerite_blais","Quebec","f",1950,NA,2007,2024,"Liberal","Babyboom","1943-1960",17,34,2007,57
"yves_blais","Quebec","m",1931,1998,1981,1998,"Parti Quebecois","Silent","1925-1942",17,34,1981,50
"manon_blanchet","Quebec","f",1968,NA,1998,2003,"Parti Quebecois","GenerationX","1961-1981",5,10,1998,30
"yvesfrancois_blanchet","Quebec","m",1965,NA,2008,2014,"Parti Quebecois","GenerationX","1961-1981",6,12,2008,43
"luc_blanchette","Quebec","m",1960,NA,2014,2018,"Liberal","Babyboom","1943-1960",4,8,2014,54
"madeleine_bleau","Quebec","f",1928,2014,1985,1994,"Liberal","Silent","1925-1942",9,18,1985,57
"rene_blouin","Quebec","m",1948,NA,1981,1985,"Parti Quebecois","Babyboom","1943-1960",4,8,1981,33
"ghislain_bolduc","Quebec","m",1952,NA,2012,2018,"Liberal","Babyboom","1943-1960",6,12,2012,60
"yves_bolduc","Quebec","m",1957,NA,2008,2015,"Liberal","Babyboom","1943-1960",7,14,2008,51
"francois_bonnardel","Quebec","m",1967,NA,2007,2024,"Action Democratique du Quebec","GenerationX","1961-1981",17,34,2007,40
"jeanpaul_bordeleau","Quebec","m",1943,NA,1976,1985,"Parti Quebecois","Babyboom","1943-1960",9,18,1976,33
"yvan_bordeleau","Quebec","m",1942,NA,1989,2007,"Liberal","Silent","1925-1942",18,36,1989,47
"alfred_bosse","Quebec","m",1925,2001,1970,1976,"Liberal","Silent","1925-1942",6,12,1970,45
"camil_bouchard","Quebec","m",1945,NA,2003,2010,"Parti Quebecois","Babyboom","1943-1960",7,14,2003,58
"daniel_bouchard","Quebec","m",1968,NA,2003,2007,"Liberal","GenerationX","1961-1981",4,8,2003,35
"lucien_bouchard","Quebec","m",1938,NA,1994,2001,"Parti Quebecois","Silent","1925-1942",7,14,1994,56
"claude_boucher","Quebec","m",1942,NA,1994,2007,"Parti Quebecois","Silent","1925-1942",13,26,1994,52
"etiennealexis_boucher","Quebec","m",1978,NA,2008,2012,"Parti Quebecois","GenerationX","1961-1981",4,8,2008,30
"jean_boucher","Quebec","m",1962,NA,2014,2018,"Liberal","GenerationX","1961-1981",4,8,2014,52
"jules_boucher","Quebec","m",1933,1999,1976,1985,"Parti Quebecois","Silent","1925-1942",9,18,1976,43
"huguette_boucherbacon","Quebec","f",1947,NA,1989,1994,"Liberal","Babyboom","1943-1960",5,10,1989,42
"jean_boudreault","Quebec","m",1930,1982,1973,1976,"Liberal","Silent","1925-1942",3,6,1973,43
"marie_bouille","Quebec","f",1957,NA,2008,2014,"Parti Quebecois","Babyboom","1943-1960",6,12,2008,51
"andre_boulerice","Quebec","m",1946,NA,1985,2005,"Parti Quebecois","Babyboom","1943-1960",20,40,1985,39
"jean_boulet","Quebec","m",1956,NA,2018,2024,"Coalition Avenir Quebec","Babyboom","1943-1960",6,12,2018,62
"julie_boulet","Quebec","f",1959,NA,1998,2018,"Liberal","Babyboom","1943-1960",20,40,1998,39
"marc_boulianne","Quebec","m",1941,NA,1998,2003,"Parti Quebecois","Silent","1925-1942",5,10,1998,57
"andre_bourbeau","Quebec","m",1936,2018,1981,2003,"Liberal","Silent","1925-1942",22,44,1981,45
"marc_bourcier","Quebec","m",1957,NA,2014,2018,"Parti Quebecois","Babyboom","1943-1960",4,8,2014,57
"alexandre_bourdeau","Quebec","m",1978,NA,2003,2007,"Parti Quebecois","GenerationX","1961-1981",4,8,2003,25
"michel_bourdon","Quebec","m",1943,2004,1989,1996,"Parti Quebecois","Babyboom","1943-1960",7,14,1989,46
"guy_bourgeois","Quebec","m",1958,NA,2014,2018,"Liberal","Babyboom","1943-1960",4,8,2014,56
"denis_bousquet","Quebec","m",1928,1997,1966,1970,"Union Nationale","Silent","1925-1942",4,8,1966,38
"jeanclaude_boutin","Quebec","m",1941,NA,1973,1974,"Liberal","Silent","1925-1942",1,2,1973,32
"jeanhugues_boutin","Quebec","m",1936,NA,1973,1976,"Liberal","Silent","1925-1942",3,6,1973,37
"joelle_boutin","Quebec","f",1979,NA,2018,2024,"Coalition Avenir Quebec","GenerationX","1961-1981",6,12,2018,39
"daniel_bradet","Quebec","m",1946,2010,1985,1994,"Liberal","Babyboom","1943-1960",9,18,1985,39
"jacques_brassard","Quebec","m",1940,NA,1976,2002,"Parti Quebecois","Silent","1925-1942",26,52,1976,36
"daniel_breton","Quebec","m",1962,NA,2012,2014,"Parti Quebecois","GenerationX","1961-1981",2,4,2012,50
"levis_brien","Quebec","m",1955,NA,1994,1998,"Parti Quebecois","Babyboom","1943-1960",4,8,1994,39
"aime_brisson","Quebec","m",1928,NA,1962,1976,"Liberal","Silent","1925-1942",14,28,1962,34
"bernard_brodeur","Quebec","m",1956,NA,1994,2007,"Liberal","Babyboom","1943-1960",13,26,1994,38
"pierrea_brouillette","Quebec","m",1951,NA,1985,1994,"Liberal","Babyboom","1943-1960",9,18,1985,34
"leo_bureaublouin","Quebec","m",1991,NA,2012,2014,"Parti Quebecois","Millenial","1982-2004",2,4,2012,21
"robert_burns","Quebec","m",1936,2014,1970,1979,"Parti Quebecois","Silent","1925-1942",9,18,1970,34
"paul_busque","Quebec","m",1960,NA,2014,2018,"Liberal","Babyboom","1943-1960",4,8,2014,54
"robert_bussiere","Quebec","m",1955,NA,2018,2024,"Coalition Avenir Quebec","Babyboom","1943-1960",6,12,2018,63
"gerard_cadieux","Quebec","m",1928,2004,1962,1976,"Liberal","Silent","1925-1942",14,28,1962,34
"eric_caire","Quebec","m",1965,NA,2007,2024,"Action Democratique du Quebec","GenerationX","1961-1981",17,34,2007,42
"lewis_camden","Quebec","m",1953,NA,1985,1994,"Liberal","Babyboom","1943-1960",9,18,1985,32
"neil_cameron","Quebec","m",1938,NA,1989,1994,"Equality Party","Silent","1925-1942",5,10,1989,51
"martin_camirand","Quebec","m",1965,NA,2007,2008,"Action Democratique du Quebec","GenerationX","1961-1981",1,2,2007,42
"jean_campeau","Quebec","m",1931,NA,1994,1998,"Parti Quebecois","Silent","1925-1942",4,8,1994,63
"lawrence_cannon","Quebec","m",1947,NA,1985,1994,"Liberal","Babyboom","1943-1960",9,18,1985,38
"serge_cardin","Quebec","m",1950,NA,2012,2014,"Parti Quebecois","Babyboom","1943-1960",2,4,2012,62
"pierrette_cardinal","Quebec","f",1931,NA,1985,1994,"Liberal","Silent","1925-1942",9,18,1985,54
"lionel_carmant","Quebec","m",1965,NA,2018,2024,"Coalition Avenir Quebec","GenerationX","1961-1981",6,12,2018,53
"jocelyne_caron","Quebec","f",1951,NA,1989,2007,"Parti Quebecois","Babyboom","1943-1960",18,36,1989,38
"lucien_caron","Quebec","m",1929,2003,1970,1985,"Liberal","Silent","1925-1942",15,30,1970,41
"vincent_caron","Quebec","m",1969,NA,2018,2024,"Coalition Avenir Quebec","GenerationX","1961-1981",6,12,2018,49
"marc_carriere","Quebec","m",1964,NA,2008,2018,"Liberal","GenerationX","1961-1981",10,20,2008,44
"denise_carrierperreault","Quebec","f",1946,NA,1989,2003,"Parti Quebecois","Babyboom","1943-1960",14,28,1989,43
"claude_castonguay","Quebec","m",1929,NA,1970,1973,"Liberal","Silent","1925-1942",3,6,1970,41
"jacques_chagnon","Quebec","m",1952,NA,1985,2018,"Liberal","Babyboom","1943-1960",33,66,1985,33
"denis_chalifoux","Quebec","m",1955,NA,1994,1998,"Liberal","Babyboom","1943-1960",4,8,1994,39
"jeanpaul_champagne","Quebec","m",1931,NA,1981,1985,"Parti Quebecois","Silent","1925-1942",4,8,1981,50
"serge_champagne","Quebec","m",1943,1984,1981,1984,"Liberal","Babyboom","1943-1960",3,6,1981,38
"gilles_chapadeau","Quebec","m",1960,NA,2012,2014,"Parti Quebecois","Babyboom","1943-1960",2,4,2012,52
"eric_charbonneau","Quebec","m",1969,NA,2007,2008,"Action Democratique du Quebec","GenerationX","1961-1981",1,2,2007,38
"francine_charbonneau","Quebec","f",1962,NA,2008,2024,"Liberal","GenerationX","1961-1981",16,32,2008,46
"michel_charbonneau","Quebec","m",1948,NA,1989,1994,"Liberal","Babyboom","1943-1960",5,10,1989,41
"yvon_charbonneau","Quebec","m",1940,2016,1994,1997,"Liberal","Silent","1925-1942",3,6,1994,54
"jean_charest","Quebec","m",1958,NA,1998,2012,"Liberal","Babyboom","1943-1960",14,28,1998,40
"nancy_charest","Quebec","f",1959,2014,2003,2007,"Liberal","Babyboom","1943-1960",4,8,2003,44
"solange_charest","Quebec","f",1950,NA,1994,2007,"Parti Quebecois","Babyboom","1943-1960",13,26,1994,44
"benoit_charette","Quebec","m",1976,NA,2008,2024,"Parti Quebecois","GenerationX","1961-1981",16,32,2008,32
"lucie_charlebois","Quebec","f",1959,NA,2003,2018,"Liberal","Babyboom","1943-1960",15,30,2003,44
"claude_charron","Quebec","m",1946,NA,1970,1982,"Parti Quebecois","Babyboom","1943-1960",12,24,1970,24
"mariechantal_chasse","Quebec","f",1967,NA,2018,2024,"Coalition Avenir Quebec","GenerationX","1961-1981",6,12,2018,51
"youri_chassin","Quebec","m",1977,NA,2018,2024,"Coalition Avenir Quebec","GenerationX","1961-1981",6,12,2018,41
"andre_chenail","Quebec","m",1946,NA,1989,2007,"Liberal","Babyboom","1943-1960",18,36,1989,43
"normand_cherry","Quebec","m",1938,NA,1989,1998,"Liberal","Silent","1925-1942",9,18,1989,51
"guy_chevrette","Quebec","m",1940,NA,1976,2002,"Parti Quebecois","Silent","1925-1942",26,52,1976,36
"roch_cholette","Quebec","m",1963,NA,1998,2008,"Liberal","GenerationX","1961-1981",10,20,1998,35
"jerome_choquette","Quebec","m",1928,2017,1966,1976,"Liberal","Silent","1925-1942",10,20,1966,38
"john_ciaccia","Quebec","m",1933,2018,1973,1998,"Liberal","Silent","1925-1942",25,50,1973,40
"enrico_ciccone","Quebec","m",1970,NA,2018,2024,"Liberal","GenerationX","1961-1981",6,12,2018,48
"michel_clair","Quebec","m",1950,NA,1976,1985,"Parti Quebecois","Babyboom","1943-1960",9,18,1976,26
"christian_claveau","Quebec","m",1952,NA,1985,1994,"Parti Quebecois","Babyboom","1943-1960",9,18,1985,33
"jeanmarie_claveau","Quebec","m",1950,NA,2012,2014,"Parti Quebecois","Babyboom","1943-1960",2,4,2012,62
"maurice_clermont","Quebec","m",1944,NA,2003,2008,"Liberal","Babyboom","1943-1960",5,10,2003,59
"david_cliche","Quebec","m",1952,NA,1994,2002,"Parti Quebecois","Babyboom","1943-1960",8,16,1994,42
"alexandre_cloutier","Quebec","m",1977,NA,2007,2018,"Parti Quebecois","GenerationX","1961-1981",11,22,2007,30
"martin_coiteux","Quebec","m",1962,NA,2014,2018,"Liberal","GenerationX","1961-1981",4,8,2014,52
"russell_copeman","Quebec","m",1960,NA,1994,2008,"Liberal","Babyboom","1943-1960",14,28,1994,34
"francois_corriveau","Quebec","m",1969,NA,1998,2003,"Action Democratique du Quebec","GenerationX","1961-1981",5,10,1998,29
"albert_cote","Quebec","m",1927,NA,1985,1994,"Liberal","Silent","1925-1942",9,18,1985,58
"jacques_cote","Quebec","m",1944,NA,1998,2008,"Parti Quebecois","Babyboom","1943-1960",10,20,1998,54
"michel_cote","Quebec","m",1937,NA,1994,2003,"Parti Quebecois","Silent","1925-1942",9,18,1994,57
"michelle_courchesne","Quebec","f",1953,NA,2003,2012,"Liberal","Babyboom","1943-1960",9,18,2003,50
"claude_cousineau","Quebec","m",1950,NA,1998,2018,"Parti Quebecois","Babyboom","1943-1960",20,40,1998,48
"jacques_couture","Quebec","m",1929,1995,1976,1981,"Parti Quebecois","Silent","1925-1942",5,10,1976,47
"jeanjacques_croteau","Quebec","m",1930,NA,1966,1970,"Union Nationale","Silent","1925-1942",4,8,1966,36
"louise_cuerrier","Quebec","f",1926,NA,1976,1981,"Parti Quebecois","Silent","1925-1942",5,10,1976,50
"pierre_curzi","Quebec","m",1946,NA,2007,2012,"Parti Quebecois","Babyboom","1943-1960",5,10,2007,61
"william_cusano","Quebec","m",1943,2012,1981,2007,"Liberal","Babyboom","1943-1960",26,52,1981,38
"jean_damour","Quebec","m",1963,NA,2008,2018,"Liberal","GenerationX","1961-1981",10,20,2008,45
"sylvie_damours","Quebec","f",1960,NA,2014,2024,"Coalition Avenir Quebec","Babyboom","1943-1960",10,20,2014,54
"jean_damphousse","Quebec","m",1952,NA,2007,2008,"Action Democratique du Quebec","Babyboom","1943-1960",1,2,2007,55
"helene_daneault","Quebec","f",1961,NA,2012,2014,"Coalition Avenir Quebec","GenerationX","1961-1981",2,4,2012,51
"suzanne_dansereau","Quebec","f",1952,NA,2018,2024,"Coalition Avenir Quebec","Babyboom","1943-1960",6,12,2018,66
"jacques_daoust","Quebec","m",1948,2017,2014,2016,"Liberal","Babyboom","1943-1960",2,4,2014,66
"claude_dauphin","Quebec","m",1953,NA,1981,1994,"Liberal","Babyboom","1943-1960",13,26,1981,28
"francoise_david","Quebec","f",1948,NA,2012,2017,"Quebec Solidaire","Babyboom","1943-1960",5,10,2012,64
"helene_david","Quebec","f",1953,NA,2014,2024,"Liberal","Babyboom","1943-1960",10,20,2014,61
"denis_debelleval","Quebec","m",1939,NA,1976,1982,"Parti Quebecois","Silent","1925-1942",6,12,1976,37
"albert_demartin","Quebec","m",1951,NA,2007,2008,"Action Democratique du Quebec","Babyboom","1943-1960",1,2,2007,56
"rita_desantis","Quebec","f",1954,NA,2012,2018,"Liberal","Babyboom","1943-1960",6,12,2012,58
"robert_dean","Quebec","m",1927,NA,1981,1985,"Parti Quebecois","Silent","1925-1942",4,8,1981,54
"margaret_delisle","Quebec","f",1946,NA,1994,2007,"Liberal","Babyboom","1943-1960",13,26,1994,48
"gerard_deltell","Quebec","m",1964,NA,2008,2015,"Action Democratique du Quebec","GenerationX","1961-1981",7,14,2008,44
"michel_denis","Quebec","m",1932,2001,1973,1976,"Liberal","Silent","1925-1942",3,6,1973,41
"andre_deom","Quebec","m",1929,1993,1973,1976,"Liberal","Silent","1925-1942",3,6,1973,44
"monsef_derraji","Quebec","m",1976,NA,2018,2024,"Liberal","GenerationX","1961-1981",6,12,2018,42
"hubert_desbiens","Quebec","m",1931,2009,1976,1989,"Parti Quebecois","Silent","1925-1942",13,26,1976,45
"robert_deschamps","Quebec","m",1940,NA,2007,2008,"Action Democratique du Quebec","Silent","1925-1942",1,2,2007,67
"pierre_descoteaux","Quebec","m",1952,2018,2003,2007,"Liberal","Babyboom","1943-1960",4,8,2003,51
"remy_desilets","Quebec","m",1952,NA,1994,2003,"Parti Quebecois","Babyboom","1943-1960",9,18,1994,42
"gaston_desjardins","Quebec","m",1932,NA,1973,1976,"Liberal","Silent","1925-1942",3,6,1973,41
"serge_deslieres","Quebec","m",1947,2020,1994,2008,"Parti Quebecois","Babyboom","1943-1960",14,28,1994,47
"francois_desrochers","Quebec","m",1970,NA,2007,2008,"Action Democratique du Quebec","GenerationX","1961-1981",1,2,2007,37
"gerard_deziel","Quebec","m",1927,1984,1973,1976,"Liberal","Silent","1925-1942",3,6,1973,46
"jeanpaul_diamond","Quebec","m",1940,NA,2008,2014,"Liberal","Silent","1925-1942",6,12,2008,68
"simonpierre_diamond","Quebec","m",1985,NA,2007,2008,"Action Democratique du Quebec","Millenial","1982-2004",1,2,2007,22
"leandre_dion","Quebec","m",1937,NA,1994,2007,"Parti Quebecois","Silent","1925-1942",13,26,1994,57
"france_dionne","Quebec","f",1953,NA,1985,1997,"Liberal","Babyboom","1943-1960",12,24,1985,32
"rita_dionnemarsolais","Quebec","f",1947,NA,1994,2008,"Parti Quebecois","Babyboom","1943-1960",14,28,1994,47
"jean_domingue","Quebec","m",1962,NA,2007,2008,"Action Democratique du Quebec","GenerationX","1961-1981",1,2,2007,45
"catherine_dorion","Quebec","f",1982,NA,2018,2024,"Quebec Solidaire","Millenial","1982-2004",6,12,2018,36
"eric_dorion","Quebec","m",1970,NA,2007,2008,"Action Democratique du Quebec","GenerationX","1961-1981",1,2,2007,37
"joan_dougherty","Quebec","f",1927,NA,1981,1989,"Liberal","Silent","1925-1942",8,16,1981,54
"danielle_doyer","Quebec","f",1951,NA,1994,2012,"Parti Quebecois","Babyboom","1943-1960",18,36,1994,43
"rejean_doyon","Quebec","m",1937,NA,1981,1994,"Liberal","Silent","1925-1942",13,26,1981,44
"bernard_drainville","Quebec","m",1963,NA,2007,2016,"Parti Quebecois","GenerationX","1961-1981",9,18,2007,44
"andre_drolet","Quebec","m",1954,NA,2008,2018,"Liberal","Babyboom","1943-1960",10,20,2008,54
"antoine_drolet","Quebec","m",1940,2019,1970,1973,"Parti Creditiste","Silent","1925-1942",3,6,1970,30
"thomas_drummond","Quebec","m",1930,NA,1970,1976,"Liberal","Silent","1925-1942",6,12,1970,40
"christian_dube","Quebec","m",1956,NA,2012,2014,"Coalition Avenir Quebec","Babyboom","1943-1960",2,4,2012,56
"claude_dubois","Quebec","m",1931,NA,1976,1989,"Union Nationale","Silent","1925-1942",13,26,1976,45
"emmanuel_dubourg","Quebec","m",1958,NA,2007,2013,"Liberal","Babyboom","1943-1960",6,12,2007,49
"jean_dubuc","Quebec","m",1941,NA,2003,2007,"Liberal","Silent","1925-1942",4,8,2003,62
"pierre_duchesne","Quebec","m",1964,NA,2012,2014,"Parti Quebecois","GenerationX","1961-1981",2,4,2012,48
"jacques_duchesneau","Quebec","m",1949,NA,2012,2014,"Coalition Avenir Quebec","Babyboom","1943-1960",2,4,2012,63
"francis_dufour","Quebec","m",1929,2020,1985,1996,"Parti Quebecois","Silent","1925-1942",11,22,1985,56
"marjolain_dufour","Quebec","m",1958,NA,2003,2015,"Parti Quebecois","Babyboom","1943-1960",12,24,2003,45
"pierre_dufour","Quebec","m",1965,NA,2018,2024,"Coalition Avenir Quebec","GenerationX","1961-1981",6,12,2018,53
"normand_duguay","Quebec","m",1941,NA,1994,2003,"Parti Quebecois","Silent","1925-1942",9,18,1994,53
"yves_duhaime","Quebec","m",1939,NA,1976,1985,"Parti Quebecois","Silent","1925-1942",9,18,1976,37
"bernard_dumont","Quebec","m",1927,1974,1970,1973,"Parti Creditiste","Silent","1925-1942",3,6,1970,43
"mario_dumont","Quebec","m",1970,NA,1994,2009,"Action Democratique du Quebec","GenerationX","1961-1981",15,30,1994,24
"maurice_dupre","Quebec","m",1937,2006,1981,1985,"Parti Quebecois","Silent","1925-1942",4,8,1981,44
"jacques_dupuis","Quebec","m",1948,NA,1998,2010,"Liberal","Babyboom","1943-1960",12,24,1998,50
"luce_dupuis","Quebec","f",1940,NA,1989,1994,"Parti Quebecois","Silent","1925-1942",5,10,1989,49
"roland_dussault","Quebec","m",1940,NA,1976,1985,"Parti Quebecois","Silent","1925-1942",9,18,1976,36
"sam_elkas","Quebec","m",1938,NA,1989,1994,"Liberal","Silent","1925-1942",5,10,1989,51
"jeanbernard_emond","Quebec","m",1969,NA,2018,2024,"Coalition Avenir Quebec","GenerationX","1961-1981",6,12,2018,49
"joseph_facal","Quebec","m",1961,NA,1994,2003,"Parti Quebecois","GenerationX","1961-1981",9,18,1994,33
"elie_fallu","Quebec","m",1932,NA,1976,1985,"Parti Quebecois","Silent","1925-1942",9,18,1976,44
"georges_farrah","Quebec","m",1957,NA,1985,1998,"Liberal","Babyboom","1943-1960",13,26,1985,28
"luc_ferland","Quebec","m",1955,NA,2007,2014,"Parti Quebecois","Babyboom","1943-1960",7,14,2007,52
"claude_filion","Quebec","m",1945,2004,1985,1989,"Parti Quebecois","Babyboom","1943-1960",4,8,1985,40
"jean_filion","Quebec","m",1951,NA,1989,1998,"Parti Quebecois","Babyboom","1943-1960",9,18,1989,38
"pierre_fitzgibbon","Quebec","m",1954,NA,2018,2024,"Coalition Avenir Quebec","Babyboom","1943-1960",6,12,2018,64
"antonio_flamand","Quebec","m",1933,NA,1966,1970,"Union Nationale","Silent","1925-1942",4,8,1966,33
"serge_fontaine","Quebec","m",1947,NA,1976,1981,"Union Nationale","Babyboom","1943-1960",5,10,1976,29
"andres_fontecilla","Quebec","m",1967,NA,2018,2024,"Quebec Solidaire","GenerationX","1961-1981",6,12,2018,51
"claude_forget","Quebec","m",1936,NA,1973,1981,"Liberal","Silent","1925-1942",8,16,1973,37
"paulandre_forget","Quebec","m",1931,2002,1985,1994,"Liberal","Silent","1925-1942",9,18,1985,54
"pierre_fortier","Quebec","m",1932,2019,1976,1989,"Liberal","Silent","1925-1942",13,26,1976,44
"andre_fortin","Quebec","m",1981,NA,2014,2024,"Liberal","GenerationX","1961-1981",10,20,2014,33
"gilles_fortin","Quebec","m",1946,NA,1981,1989,"Liberal","Babyboom","1943-1960",8,16,1981,35
"luc_fortin","Quebec","m",1982,NA,2014,2018,"Liberal","Millenial","1982-2004",4,8,2014,32
"emilie_foster","Quebec","f",1980,NA,2018,2024,"Coalition Avenir Quebec","GenerationX","1961-1981",6,12,2018,38
"catherine_fournier","Quebec","f",1992,NA,2014,2024,"Parti Quebecois","Millenial","1982-2004",10,20,2014,22
"benoit_fradet","Quebec","m",1965,NA,1989,1994,"Liberal","GenerationX","1961-1981",5,10,1989,24
"raymond_francoeur","Quebec","m",1946,NA,2007,2008,"Action Democratique du Quebec","Babyboom","1943-1960",1,2,2007,61
"richard_french","Quebec","m",1947,NA,1981,1989,"Liberal","Babyboom","1943-1960",8,16,1981,34
"liza_frulla","Quebec","f",1949,NA,1989,1998,"Liberal","Babyboom","1943-1960",9,18,1989,40
"andre_gabias","Quebec","m",1956,NA,2003,2007,"Liberal","Babyboom","1943-1960",4,8,2003,47
"diane_hamelin","Quebec","f",1951,NA,2012,2014,"Parti Quebecois","Babyboom","1943-1960",2,4,2012,61
"gabrielyvan_gagnon","Quebec","m",1951,NA,1994,2001,"Parti Quebecois","Babyboom","1943-1960",7,14,1994,43
"marcel_gagnon","Quebec","m",1936,NA,1976,1985,"Parti Quebecois","Silent","1925-1942",9,18,1976,40
"monique_gagnontremblay","Quebec","f",1940,NA,1985,2012,"Liberal","Silent","1925-1942",27,54,1985,45
"laurier_gardner","Quebec","m",1944,2019,1985,1989,"Liberal","Babyboom","1943-1960",4,8,1985,41
"roch_gardner","Quebec","m",1938,NA,1966,1970,"Union Nationale","Silent","1925-1942",4,8,1966,28
"raymond_garneau","Quebec","m",1935,NA,1970,1978,"Liberal","Silent","1925-1942",8,16,1970,35
"jean_garon","Quebec","m",1938,2014,1976,1998,"Parti Quebecois","Silent","1925-1942",22,44,1976,38
"francine_gaudet","Quebec","f",1948,NA,2003,2007,"Liberal","Babyboom","1943-1960",4,8,2003,55
"francois_gaudreau","Quebec","m",1957,NA,1998,2003,"Action Democratique du Quebec","Babyboom","1943-1960",5,10,1998,41
"maryse_gaudreault","Quebec","f",1959,NA,2008,2024,"Liberal","Babyboom","1943-1960",16,32,2008,49
"sylvain_gaudreault","Quebec","m",1970,NA,2007,2024,"Parti Quebecois","GenerationX","1961-1981",17,34,2007,37
"andre_gaulin","Quebec","m",1936,NA,1994,1998,"Parti Quebecois","Silent","1925-1942",4,8,1994,58
"francoise_gauthier","Quebec","f",1953,NA,1998,2007,"Liberal","Babyboom","1943-1960",9,18,1998,45
"gilles_gauthier","Quebec","m",1935,2015,1966,1970,"Union Nationale","Silent","1925-1942",4,8,1966,31
"michel_gauthier","Quebec","m",1950,2020,1981,1988,"Parti Quebecois","Babyboom","1943-1960",7,14,1981,31
"henrifrancois_gautrin","Quebec","m",1943,NA,1989,2014,"Liberal","Babyboom","1943-1960",25,50,1989,46
"real_gauvin","Quebec","m",1935,NA,1985,2003,"Liberal","Silent","1925-1942",18,36,1985,50
"rene_gauvreau","Quebec","m",1954,NA,2008,2012,"Parti Quebecois","Babyboom","1943-1960",4,8,2008,54
"francois_gendron","Quebec","m",1944,NA,1976,2018,"Parti Quebecois","Babyboom","1943-1960",42,84,1976,32
"serge_geoffrion","Quebec","m",1955,NA,1998,2003,"Parti Quebecois","Babyboom","1943-1960",5,10,1998,43
"jeanguy_gervais","Quebec","m",1940,2004,1985,1989,"Liberal","Silent","1925-1942",4,8,1985,45
"ruba_ghazal","Quebec","f",1977,NA,2018,2024,"Quebec Solidaire","GenerationX","1961-1981",6,12,2018,41
"julien_giasson","Quebec","m",1927,2010,1970,1981,"Liberal","Silent","1925-1942",11,22,1970,43
"clement_gignac","Quebec","m",1955,NA,2008,2012,"Liberal","Babyboom","1943-1960",4,8,2008,53
"pierre_giguere","Quebec","m",1964,NA,2014,2018,"Liberal","GenerationX","1961-1981",4,8,2014,50
"pierre_gingras","Quebec","m",1952,NA,2007,2008,"Action Democratique du Quebec","Babyboom","1943-1960",1,2,2007,55
"eric_girard","Quebec","m",1966,NA,2018,2024,"Coalition Avenir Quebec","GenerationX","1961-1981",6,12,2018,52
"eric_girard2","Quebec","m",1970,NA,2018,2024,"Coalition Avenir Quebec","GenerationX","1961-1981",6,12,2018,48
"jeandenis_girard","Quebec","m",1967,NA,2014,2018,"Liberal","GenerationX","1961-1981",4,8,2014,47
"nicolas_girard","Quebec","m",1972,NA,2003,2012,"Parti Quebecois","GenerationX","1961-1981",9,18,2003,31
"nadine_girault","Quebec","f",1959,NA,2018,2024,"Coalition Avenir Quebec","Babyboom","1943-1960",6,12,2018,59
"jeanclaude_gobe","Quebec","m",1949,NA,1985,2003,"Liberal","Babyboom","1943-1960",18,36,1985,36
"paul_gobeil","Quebec","m",1942,NA,1985,1989,"Liberal","Silent","1925-1942",4,8,1985,43
"gerald_godin","Quebec","m",1938,1994,1976,1994,"Parti Quebecois","Silent","1925-1942",18,36,1976,38
"johanne_gonthier","Quebec","f",1954,NA,2007,2012,"Liberal","Babyboom","1943-1960",5,10,2007,53
"gerard_gosselin","Quebec","m",1945,NA,1976,1981,"Parti Quebecois","Babyboom","1943-1960",5,10,1976,31
"jeanfrancois_gosselin","Quebec","m",1975,NA,2007,2008,"Action Democratique du Quebec","GenerationX","1961-1981",1,2,2007,32
"bertrand_goulet","Quebec","m",1944,NA,1976,1981,"Union Nationale","Babyboom","1943-1960",5,10,1976,32
"linda_goupil","Quebec","f",1961,NA,1998,2003,"Parti Quebecois","GenerationX","1961-1981",5,10,1998,37
"daniel_goyer","Quebec","m",1953,NA,2012,2014,"Parti Quebecois","Babyboom","1943-1960",2,4,2012,59
"ginette_grandmont","Quebec","f",1945,2019,2007,2008,"Action Democratique du Quebec","Babyboom","1943-1960",1,2,2007,62
"michel_gratton","Quebec","m",1939,NA,1970,1989,"Liberal","Silent","1925-1942",19,38,1970,31
"raymond_gravel","Quebec","m",1929,1994,1976,1985,"Parti Quebecois","Silent","1925-1942",9,18,1976,47
"gilles_gregoire","Quebec","m",1926,2006,1976,1985,"Parti Quebecois","Silent","1925-1942",9,18,1976,50
"marie_gregoire","Quebec","f",1965,NA,1998,2003,"Action Democratique du Quebec","GenerationX","1961-1981",5,10,1998,33
"agnes_grondin","Quebec","f",1967,NA,2018,2024,"Coalition Avenir Quebec","GenerationX","1961-1981",6,12,2018,51
"janvier_grondin","Quebec","m",1947,NA,2003,2012,"Action Democratique du Quebec","Babyboom","1943-1960",9,18,2003,56
"florian_guay","Quebec","m",1941,NA,1970,1973,"Parti Creditiste","Silent","1925-1942",3,6,1970,29
"richard_guay","Quebec","m",1943,NA,1976,1985,"Parti Quebecois","Babyboom","1943-1960",9,18,1976,33
"genevieve_guilbault","Quebec","f",1982,NA,2014,2024,"Coalition Avenir Quebec","Millenial","1982-2004",10,20,2014,32
"nancy_guillemette","Quebec","f",1969,NA,2018,2024,"Coalition Avenir Quebec","GenerationX","1961-1981",6,12,2018,49
"jean_habel","Quebec","m",1988,NA,2014,2018,"Liberal","Millenial","1982-2004",4,8,2014,26
"sam_hamad","Quebec","m",1958,NA,2003,2017,"Liberal","Babyboom","1943-1960",14,28,2003,45
"andre_hamel","Quebec","m",1937,NA,1985,1994,"Liberal","Silent","1925-1942",9,18,1985,48
"france_hamel","Quebec","f",1952,NA,2003,2007,"Liberal","Babyboom","1943-1960",4,8,2003,51
"paulyvon_hamel","Quebec","m",1934,1994,1966,1970,"Union Nationale","Silent","1925-1942",4,8,1966,32
"guy_hardy","Quebec","m",1950,NA,2014,2018,"Liberal","Babyboom","1943-1960",4,8,2014,64
"louise_harel","Quebec","f",1946,NA,1981,2008,"Parti Quebecois","Babyboom","1943-1960",27,54,1981,35
"andre_harvey","Quebec","m",1939,NA,1970,1976,"Liberal","Silent","1925-1942",6,12,1970,31
"ghislain_harvey","Quebec","m",1946,NA,1973,1976,"Liberal","Babyboom","1943-1960",3,6,1973,27
"genevieve_hebert","Quebec","f",1973,NA,2018,2024,"Coalition Avenir Quebec","GenerationX","1961-1981",6,12,2018,45
"rejean_hebert","Quebec","m",1955,1972,2012,2014,"Parti Quebecois","Babyboom","1943-1960",2,4,2012,57
"damien_hetu","Quebec","m",1926,2010,1985,1989,"Liberal","Silent","1925-1942",4,8,1985,59
"david_heurtel","Quebec","m",1971,NA,2012,2018,"Liberal","GenerationX","1961-1981",6,12,2012,41
"veronique_hivon","Quebec","f",1970,NA,2008,2024,"Parti Quebecois","GenerationX","1961-1981",16,32,2008,38
"richard_holden","Quebec","m",1931,2005,1989,1994,"Equality Party","Silent","1925-1942",5,10,1989,58
"fatima_houdapepin","Quebec","f",1951,NA,1994,2014,"Liberal","Babyboom","1943-1960",20,40,1994,43
"albert_houde","Quebec","m",1931,NA,1981,1994,"Liberal","Silent","1925-1942",13,26,1981,50
"gilles_houde","Quebec","m",1932,2014,1966,1976,"Liberal","Silent","1925-1942",10,20,1966,34
"roger_houde","Quebec","m",1938,NA,1973,1976,"Liberal","Silent","1925-1942",3,6,1973,35
"clairehelene_hovington","Quebec","f",1944,NA,1985,1994,"Liberal","Babyboom","1943-1960",9,18,1985,41
"alexandre_iraca","Quebec","m",1970,NA,2012,2018,"Liberal","GenerationX","1961-1981",6,12,2012,42
"claire_isabelle","Quebec","f",1962,NA,2018,2024,"Coalition Avenir Quebec","GenerationX","1961-1981",6,12,2018,56
"francois_jacques","Quebec","m",1970,NA,2018,2024,"Coalition Avenir Quebec","GenerationX","1961-1981",6,12,2018,48
"yolande_james","Quebec","f",1977,NA,2003,2014,"Liberal","GenerationX","1961-1981",11,22,2003,26
"mireille_jean","Quebec","f",1960,NA,2014,2018,"Parti Quebecois","Babyboom","1943-1960",4,8,2014,54
"chantale_jeannotte","Quebec","f",1964,NA,2018,2024,"Coalition Avenir Quebec","GenerationX","1961-1981",6,12,2018,54
"monique_jeromeforget","Quebec","f",1940,NA,1998,2009,"Liberal","Silent","1925-1942",11,22,1998,58
"pierremarc_johnson","Quebec","m",1946,NA,1976,1987,"Parti Quebecois","Babyboom","1943-1960",11,22,1976,30
"daniel_johnsonjr","Quebec","m",1944,NA,1981,1998,"Liberal","Babyboom","1943-1960",17,34,1981,37
"simon_jolinbarrette","Quebec","m",1987,NA,2014,2024,"Coalition Avenir Quebec","Millenial","1982-2004",10,20,2014,27
"jeanpierre_jolivet","Quebec","m",1941,NA,1976,2001,"Parti Quebecois","Silent","1925-1942",25,50,1976,35
"jeana_joly","Quebec","m",1939,NA,1985,1994,"Liberal","Silent","1925-1942",9,18,1985,46
"guy_julien","Quebec","m",1945,NA,1994,2003,"Parti Quebecois","Babyboom","1943-1960",9,18,1994,49
"jonatan_julien","Quebec","m",1972,NA,2018,2024,"Coalition Avenir Quebec","GenerationX","1961-1981",6,12,2018,46
"carmen_juneau","Quebec","f",1934,1999,1981,1994,"Parti Quebecois","Silent","1925-1942",13,26,1981,47
"normand_jutras","Quebec","m",1948,NA,1994,2007,"Parti Quebecois","Babyboom","1943-1960",13,26,1994,46
"john_kehoe","Quebec","m",1934,NA,1981,1994,"Liberal","Silent","1925-1942",13,26,1981,47
"geoffrey_kelley","Quebec","m",1955,NA,1994,2018,"Liberal","Babyboom","1943-1960",24,48,1994,39
"gregory_kelley","Quebec","m",1986,NA,2018,2024,"Liberal","Millenial","1982-2004",6,12,2018,32
"george_kennedy","Quebec","m",1927,2003,1962,1976,"Liberal","Silent","1925-1942",14,28,1962,35
"amir_khadir","Quebec","m",1961,NA,2008,2018,"Quebec Solidaire","GenerationX","1961-1981",10,20,2008,47
"albert_khelfa","Quebec","m",1945,NA,1985,1994,"Liberal","Babyboom","1943-1960",9,18,1985,40
"robert_kieffer","Quebec","m",1946,NA,1994,2003,"Parti Quebecois","Babyboom","1943-1960",9,18,1994,48
"maka_kotto","Quebec","m",1961,NA,2008,2018,"Parti Quebecois","GenerationX","1961-1981",10,20,2008,47
"gilles_labbe","Quebec","m",1948,NA,1998,2003,"Parti Quebecois","Babyboom","1943-1960",5,10,1998,50
"henrie_laberge","Quebec","m",1932,2017,1976,1981,"Parti Quebecois","Silent","1925-1942",5,10,1976,44
"christine_labrie","Quebec","f",1987,NA,2018,2024,"Quebec Solidaire","Millenial","1982-2004",6,12,2018,31
"bernard_lachance","Quebec","m",1935,2015,1973,1976,"Liberal","Silent","1925-1942",3,6,1973,38
"stephanie_lachance","Quebec","f",1970,NA,2018,2024,"Coalition Avenir Quebec","GenerationX","1961-1981",6,12,2018,48
"bernard_lachapelle","Quebec","m",1931,1993,1973,1976,"Liberal","Silent","1925-1942",3,6,1973,42
"huguette_lachapelle","Quebec","f",1942,NA,1981,1985,"Parti Quebecois","Silent","1925-1942",4,8,1981,39
"mathieu_lacombe","Quebec","m",1988,NA,2018,2024,"Coalition Avenir Quebec","Millenial","1982-2004",6,12,2018,30
"jeanmarc_lacoste","Quebec","m",1949,NA,1976,1981,"Parti Quebecois","Babyboom","1943-1960",5,10,1976,27
"louisphilippe_lacroix","Quebec","m",1926,2006,1962,1976,"Liberal","Silent","1925-1942",14,28,1962,36
"andree_laforest","Quebec","f",1966,NA,2018,2024,"Coalition Avenir Quebec","GenerationX","1961-1981",6,12,2018,52
"mario_laframboise","Quebec","m",1957,NA,2014,2024,"Coalition Avenir Quebec","Babyboom","1943-1960",10,20,2014,57
"paul_lafrance","Quebec","m",1932,NA,1970,1976,"Liberal","Silent","1925-1942",6,12,1970,38
"yvon_lafrance","Quebec","m",1944,NA,1989,1994,"Liberal","Babyboom","1943-1960",5,10,1989,45
"ian_lafreniere","Quebec","m",1972,NA,2018,2024,"Coalition Avenir Quebec","GenerationX","1961-1981",6,12,2018,46
"marcel_lafreniere","Quebec","m",1939,NA,1981,1985,"Parti Quebecois","Silent","1925-1942",4,8,1981,42
"rejean_lafreniere","Quebec","m",1935,2016,1989,2007,"Liberal","Silent","1925-1942",18,36,1989,54
"georges_lalande","Quebec","m",1939,NA,1976,1981,"Liberal","Silent","1925-1942",5,10,1976,37
"jeanpaul_lallier","Quebec","m",1938,2016,1970,1976,"Liberal","Silent","1925-1942",6,12,1970,32
"fernand_lalonde","Quebec","m",1932,NA,1973,1984,"Liberal","Silent","1925-1942",11,22,1973,41
"diane_lamarre","Quebec","f",1955,NA,2014,2018,"Parti Quebecois","Babyboom","1943-1960",4,8,2014,59
"andre_lamontagne","Quebec","m",1960,NA,2014,2024,"Coalition Avenir Quebec","Babyboom","1943-1960",10,20,2014,54
"robert_lamontagne","Quebec","m",1933,2019,1970,1981,"Liberal","Silent","1925-1942",11,22,1970,37
"denis_lamothe","Quebec","m",1958,NA,2018,2024,"Coalition Avenir Quebec","Babyboom","1943-1960",6,12,2018,60
"jeansebastien_lamoureux","Quebec","m",1974,NA,1998,2001,"Liberal","GenerationX","1961-1981",3,6,1998,24
"michele_lamquinethier","Quebec","f",1946,NA,1994,2007,"Liberal","Babyboom","1943-1960",13,26,1994,48
"marcel_landry","Quebec","m",1947,NA,1994,1998,"Parti Quebecois","Babyboom","1943-1960",4,8,1994,47
"patrice_laplante","Quebec","m",1929,NA,1976,1985,"Parti Quebecois","Silent","1925-1942",9,18,1976,47
"linda_lapointe","Quebec","f",1960,NA,2007,2008,"Action Democratique du Quebec","Babyboom","1943-1960",1,2,2007,47
"lisette_lapointe","Quebec","f",1943,NA,2007,2012,"Parti Quebecois","Babyboom","1943-1960",5,10,2007,64
"roger_lapointe","Quebec","m",1940,NA,1973,1976,"Liberal","Silent","1925-1942",3,6,1973,33
"eric_laporte","Quebec","m",1976,NA,2007,2008,"Action Democratique du Quebec","GenerationX","1961-1981",1,2,2007,31
"michel_laporte","Quebec","m",1955,NA,1985,1989,"Liberal","Babyboom","1943-1960",4,8,1985,30
"pierreetienne_laporte","Quebec","m",1934,2020,1994,2003,"Liberal","Silent","1925-1942",9,18,1994,60
"benoit_laprise","Quebec","m",1932,NA,1994,2003,"Parti Quebecois","Silent","1925-1942",9,18,1994,62
"jeanguy_lariviere","Quebec","m",1930,NA,1970,1981,"Liberal","Silent","1925-1942",11,22,1970,40
"elizabeth_larouche","Quebec","f",1953,NA,2012,2014,"Parti Quebecois","Babyboom","1943-1960",2,4,2012,59
"rene_larouche","Quebec","m",1944,NA,1985,1991,"Liberal","Babyboom","1943-1960",6,12,1985,41
"gerard_latulippe","Quebec","m",1944,NA,1985,1989,"Liberal","Babyboom","1943-1960",4,8,1985,41
"paulandre_latulippe","Quebec","m",1941,NA,1970,1973,"Parti Creditiste","Silent","1925-1942",3,6,1970,29
"lise_lavallee","Quebec","f",1957,NA,2014,2024,"Coalition Avenir Quebec","Babyboom","1943-1960",10,20,2014,57
"laurent_lavigne","Quebec","m",1935,2017,1976,1985,"Parti Quebecois","Silent","1925-1942",9,18,1976,41
"therese_lavoieroux","Quebec","f",1928,2009,1976,1989,"Liberal","Silent","1925-1942",13,26,1976,48
"stephane_lebouyonnec","Quebec","m",1962,NA,2012,2014,"Coalition Avenir Quebec","GenerationX","1961-1981",2,4,2012,50
"richard_lehir","Quebec","m",1947,2018,1994,1998,"Parti Quebecois","Babyboom","1943-1960",4,8,1994,47
"gerard_lebel","Quebec","m",1930,NA,1966,1970,"Union Nationale","Silent","1925-1942",4,8,1966,36
"harold_lebel","Quebec","m",1962,NA,2014,2024,"Parti Quebecois","GenerationX","1961-1981",10,20,2014,52
"sonia_lebel","Quebec","f",1968,NA,2018,2024,"Coalition Avenir Quebec","GenerationX","1961-1981",6,12,2018,50
"denise_leblanc","Quebec","f",1949,1999,1976,1985,"Parti Quebecois","Babyboom","1943-1960",9,18,1976,27
"diane_leblanc","Quebec","f",1954,NA,1994,2007,"Liberal","Babyboom","1943-1960",13,26,1994,40
"lucie_leblanc","Quebec","f",1962,NA,2007,2008,"Action Democratique du Quebec","GenerationX","1961-1981",1,2,2007,45
"guy_leclair","Quebec","m",1968,NA,2008,2018,"Parti Quebecois","GenerationX","1961-1981",10,20,2008,40
"jean_leclerc","Quebec","m",1958,NA,1985,1994,"Liberal","Babyboom","1943-1960",9,18,1985,27
"henri_lecours","Quebec","m",1933,NA,1973,1976,"Liberal","Silent","1925-1942",3,6,1973,40
"isabelle_lecours","Quebec","f",1971,NA,2018,2024,"Coalition Avenir Quebec","GenerationX","1961-1981",6,12,2018,47
"lucie_lecours","Quebec","f",1964,NA,2018,2024,"Coalition Avenir Quebec","GenerationX","1961-1981",6,12,2018,54
"charlotte_lecuyer","Quebec","f",1943,2021,2003,2014,"Liberal","Babyboom","1943-1960",11,22,2003,60
"claude_lecuyer","Quebec","m",1947,NA,2007,2008,"Action Democratique du Quebec","Babyboom","1943-1960",1,2,2007,60
"alexandre_leduc","Quebec","m",1984,NA,2018,2024,"Quebec Solidaire","Millenial","1982-2004",6,12,2018,34
"germain_leduc","Quebec","m",1931,1989,1981,1985,"Liberal","Silent","1925-1942",4,8,1981,50
"guy_leduc","Quebec","m",1928,2011,1966,1976,"Liberal","Silent","1925-1942",10,20,1966,38
"lyse_leduc","Quebec","f",1938,NA,1994,2003,"Parti Quebecois","Silent","1925-1942",9,18,1994,56
"michel_leduc","Quebec","m",1940,NA,1981,1985,"Parti Quebecois","Silent","1925-1942",4,8,1981,41
"charlesa_lefebvre","Quebec","m",1929,2014,1976,1981,"Parti Quebecois","Silent","1925-1942",5,10,1976,47
"elsie_lefebvre","Quebec","f",1979,NA,2003,2007,"Parti Quebecois","GenerationX","1961-1981",4,8,2003,24
"eric_lefebvre","Quebec","m",1971,NA,2014,2024,"Coalition Avenir Quebec","GenerationX","1961-1981",10,20,2014,43
"jeanpaul_lefebvre","Quebec","m",1926,2009,1966,1970,"Liberal","Silent","1925-1942",4,8,1966,40
"roger_lefebvre","Quebec","m",1943,NA,1985,1998,"Liberal","Babyboom","1943-1960",13,26,1985,42
"sylvain_legare","Quebec","m",1970,NA,2003,2008,"Action Democratique du Quebec","GenerationX","1961-1981",5,10,2003,33
"diane_legault","Quebec","f",1956,NA,2003,2006,"Liberal","Babyboom","1943-1960",3,6,2003,47
"francois_legault","Quebec","m",1957,NA,1998,2024,"Parti Quebecois","Babyboom","1943-1960",26,52,1998,41
"yolande_legault","Quebec","f",1941,2018,1985,1989,"Liberal","Silent","1925-1942",4,8,1985,44
"richard_legendre","Quebec","m",1953,NA,1998,2007,"Parti Quebecois","Babyboom","1943-1960",9,18,1998,45
"marcel_leger","Quebec","m",1930,1993,1970,1985,"Parti Quebecois","Silent","1925-1942",15,30,1970,40
"gilles_lehouillier","Quebec","m",1953,NA,2008,2012,"Liberal","Babyboom","1943-1960",4,8,2008,55
"carlos_leitao","Quebec","m",1956,NA,2014,2024,"Liberal","Babyboom","1943-1960",10,20,2014,58
"gaetan_lelievre","Quebec","m",1962,NA,2012,2018,"Parti Quebecois","GenerationX","1961-1981",6,12,2012,50
"guy_lelievre","Quebec","m",1952,2021,1994,2008,"Parti Quebecois","Babyboom","1943-1960",14,28,1994,42
"henri_lemay","Quebec","m",1939,NA,1981,1985,"Parti Quebecois","Silent","1925-1942",4,8,1981,42
"martin_lemay","Quebec","m",1964,NA,2003,2012,"Parti Quebecois","GenerationX","1961-1981",9,18,2003,39
"mathieu_lemay","Quebec","m",1979,NA,2014,2024,"Coalition Avenir Quebec","GenerationX","1961-1981",10,20,2014,35
"diane_lemieux","Quebec","f",1961,NA,1998,2007,"Parti Quebecois","GenerationX","1961-1981",9,18,1998,37
"jeanguy_lemieux","Quebec","m",1947,NA,1985,1994,"Liberal","Babyboom","1943-1960",9,18,1985,38
"louis_lemieux","Quebec","m",1957,NA,2018,2024,"Coalition Avenir Quebec","Babyboom","1943-1960",6,12,2018,61
"yvon_lemire","Quebec","m",1939,NA,1985,1994,"Liberal","Silent","1925-1942",9,18,1985,46
"robert_lesage","Quebec","m",1937,NA,1989,1998,"Liberal","Silent","1925-1942",9,18,1989,52
"sylvie_lesperance","Quebec","m",1954,2006,1998,2003,"Action Democratique du Quebec","Babyboom","1943-1960",5,10,1998,44
"laurent_lessard","Quebec","m",1962,NA,2003,2018,"Liberal","GenerationX","1961-1981",15,30,2003,41
"lucien_lessard","Quebec","m",1938,NA,1970,1982,"Parti Quebecois","Silent","1925-1942",12,24,1970,32
"emilise_lessardtherrien","Quebec","f",1991,NA,2018,2024,"Quebec Solidaire","Millenial","1982-2004",6,12,2018,27
"michel_letourneau","Quebec","m",1949,2019,1994,2007,"Parti Quebecois","Babyboom","1943-1960",13,26,1994,45
"andre_leveille","Quebec","m",1933,2017,1966,1970,"Union Nationale","Silent","1925-1942",4,8,1966,33
"christian_levesque","Quebec","m",1970,NA,2007,2008,"Action Democratique du Quebec","GenerationX","1961-1981",1,2,2007,37
"leonard_levesque","Quebec","m",1935,2017,1976,1985,"Parti Quebecois","Silent","1925-1942",9,18,1976,41
"mathieu_levesque","Quebec","m",1988,NA,2018,2024,"Coalition Avenir Quebec","Millenial","1982-2004",6,12,2018,30
"sylvain_levesque","Quebec","m",1973,NA,2012,2014,"Coalition Avenir Quebec","GenerationX","1961-1981",2,4,2012,39
"robert_libman","Quebec","m",1960,NA,1989,1994,"Equality Party","Babyboom","1943-1960",5,10,1989,29
"clifford_lincoln","Quebec","m",1928,NA,1981,1989,"Liberal","Silent","1925-1942",8,16,1981,53
"jeanfrancois_lisee","Quebec","m",1958,NA,2012,2018,"Parti Quebecois","Babyboom","1943-1960",6,12,2012,54
"nicole_loiselle","Quebec","f",1954,NA,1989,2007,"Liberal","Babyboom","1943-1960",18,36,1989,35
"pierre_lorrain","Quebec","m",1942,NA,1985,1989,"Liberal","Silent","1925-1942",4,8,1985,43
"gabriel_loubier","Quebec","m",1932,NA,1962,1973,"Union Nationale","Silent","1925-1942",11,22,1962,30
"jennifer_maccarone","Quebec","f",1971,NA,2018,2024,"Liberal","GenerationX","1961-1981",6,12,2018,47
"pierre_macdonald","Quebec","m",1936,2015,1985,1989,"Liberal","Silent","1925-1942",4,8,1985,49
"cosmo_maciocia","Quebec","m",1942,NA,1981,2001,"Liberal","Silent","1925-1942",20,40,1981,39
"norman_macmillan","Quebec","m",1947,NA,1989,2012,"Liberal","Babyboom","1943-1960",23,46,1989,42
"jeanclaude_malepart","Quebec","m",1938,1989,1973,1976,"Liberal","Silent","1925-1942",3,6,1973,35
"robert_malouin","Quebec","m",1932,2006,1973,1976,"Liberal","Silent","1925-1942",3,6,1973,41
"agnes_maltais","Quebec","f",1956,NA,1998,2018,"Parti Quebecois","Babyboom","1943-1960",20,40,1998,42
"ghislain_maltais","Quebec","m",1944,NA,1981,1994,"Liberal","Babyboom","1943-1960",13,26,1981,37
"pierrewillie_maltais","Quebec","m",1931,1987,1962,1969,"Liberal","Silent","1925-1942",7,14,1962,31
"georges_mamelonet","Quebec","m",1954,2015,2008,2012,"Liberal","Babyboom","1943-1960",4,8,2008,54
"anna_mancuso","Quebec","f",1971,NA,1998,2003,"Liberal","GenerationX","1961-1981",5,10,1998,27
"nicolas_marceau","Quebec","m",1964,NA,2008,2018,"Parti Quebecois","GenerationX","1961-1981",10,20,2008,44
"andre_marchand","Quebec","m",1926,2011,1970,1981,"Liberal","Silent","1925-1942",11,22,1970,44
"serge_marcil","Quebec","m",1944,2010,1985,1994,"Liberal","Babyboom","1943-1960",9,18,1985,41
"jacques_marcotte","Quebec","m",1945,NA,2012,2014,"Coalition Avenir Quebec","Babyboom","1943-1960",2,4,2012,67
"alain_marcoux","Quebec","m",1945,NA,1976,1985,"Parti Quebecois","Babyboom","1943-1960",9,18,1976,31
"yvon_marcoux","Quebec","m",1941,NA,1998,2014,"Liberal","Silent","1925-1942",16,32,1998,57
"vincent_marissal","Quebec","m",1966,NA,2018,2024,"Quebec Solidaire","GenerationX","1961-1981",6,12,2018,52
"pierre_marois","Quebec","m",1940,NA,1976,1983,"Parti Quebecois","Silent","1925-1942",7,14,1976,36
"leopold_marquis","Quebec","m",1938,NA,1976,1985,"Parti Quebecois","Silent","1925-1942",9,18,1976,38
"pierre_marsan","Quebec","m",1948,NA,1994,2014,"Liberal","Babyboom","1943-1960",20,40,1994,46
"donald_martel","Quebec","m",1964,NA,2012,2024,"Coalition Avenir Quebec","GenerationX","1961-1981",12,24,2012,48
"herbert_marx","Quebec","m",1932,2020,1976,1989,"Liberal","Silent","1925-1942",13,26,1976,44
"marcel_masse","Quebec","m",1936,2014,1966,1973,"Union Nationale","Silent","1925-1942",7,14,1966,30
"jeangilles_masse","Quebec","m",1933,1991,1970,1976,"Liberal","Silent","1925-1942",6,12,1970,37
"manon_masse","Quebec","f",1963,NA,2014,2024,"Quebec Solidaire","GenerationX","1961-1981",10,20,2014,51
"georges_massicotte","Quebec","m",1930,NA,1973,1976,"Liberal","Silent","1925-1942",3,6,1973,43
"hermann_mathieu","Quebec","m",1936,1998,1976,1985,"Liberal","Silent","1925-1942",9,18,1976,40
"danielle_mccann","Quebec","f",1953,NA,2018,2024,"Coalition Avenir Quebec","Babyboom","1943-1960",6,12,2018,65
"scott_mckay","Quebec","m",1960,NA,2008,2014,"Parti Quebecois","Babyboom","1943-1960",6,12,2008,48
"isabelle_melancon","Quebec","f",1974,NA,2014,2024,"Liberal","GenerationX","1961-1981",10,20,2014,40
"nicole_menard","Quebec","f",1948,NA,2007,2024,"Liberal","Babyboom","1943-1960",17,34,2007,59
"serge_menard","Quebec","m",1941,NA,1989,2003,"Parti Quebecois","Silent","1925-1942",14,28,1989,48
"eric_mercier","Quebec","m",1967,NA,2003,2007,"Liberal","GenerationX","1961-1981",4,8,2003,36
"jeanguy_mercier","Quebec","m",1943,NA,1976,1981,"Parti Quebecois","Babyboom","1943-1960",5,10,1976,33
"pierre_mercier","Quebec","m",1937,NA,1973,1976,"Liberal","Silent","1925-1942",3,6,1973,36
"charles_messier","Quebec","m",1955,NA,1985,1994,"Liberal","Babyboom","1943-1960",9,18,1985,30
"lucille_methe","Quebec","f",1957,NA,2007,2008,"Action Democratique du Quebec","Babyboom","1943-1960",1,2,2007,50
"gilles_michaud","Quebec","m",1935,NA,1976,1981,"Parti Quebecois","Silent","1925-1942",5,10,1976,41
"yves_michaud","Quebec","m",1930,NA,1966,1970,"Liberal","Silent","1925-1942",4,8,1966,36
"robert_middlemiss","Quebec","m",1935,2010,1981,2003,"Liberal","Silent","1925-1942",22,44,1981,46
"marie_montpetit","Quebec","f",1979,NA,2014,2024,"Liberal","GenerationX","1961-1981",10,20,2014,35
"johanne_morasse","Quebec","f",1957,NA,2007,2008,"Parti Quebecois","Babyboom","1943-1960",1,2,2007,50
"gerardraymond_morin","Quebec","m",1940,NA,1989,1998,"Parti Quebecois","Silent","1925-1942",9,18,1989,49
"jacquesyvan_morin","Quebec","m",1931,NA,1973,1984,"Parti Quebecois","Silent","1925-1942",11,22,1973,42
"jeanmarie_morin","Quebec","m",1929,1995,1966,1970,"Union Nationale","Silent","1925-1942",4,8,1966,37
"michel_morin","Quebec","m",1948,NA,1994,2007,"Parti Quebecois","Babyboom","1943-1960",13,26,1994,46
"claude_morin2","Quebec","m",1953,NA,2007,2008,"Action Democratique du Quebec","Babyboom","1943-1960",1,2,2007,54
"claude_morin","Quebec","m",1929,NA,1976,1981,"Parti Quebecois","Silent","1925-1942",5,10,1976,47
"catherine_morissette","Quebec","f",1979,NA,2007,2008,"Action Democratique du Quebec","GenerationX","1961-1981",1,2,2007,28
"thomas_mulcair","Quebec","m",1954,NA,1994,2007,"Liberal","Babyboom","1943-1960",13,26,1994,40
"josepharmand_nadeau","Quebec","m",1928,1963,1962,1963,"Union Nationale","Silent","1925-1942",1,2,1962,34
"gabriel_nadeaudubois","Quebec","m",1990,NA,2014,2024,"Quebec Solidaire","Millenial","1982-2004",10,20,2014,24
"marieclaude_nichols","Quebec","f",1973,NA,2014,2024,"Liberal","GenerationX","1961-1981",10,20,2014,41
"nathalie_normandeau","Quebec","f",1968,NA,1998,2011,"Liberal","GenerationX","1961-1981",13,26,1998,30
"john_ogallagher","Quebec","m",1930,2005,1976,1985,"Liberal","Silent","1925-1942",9,18,1976,46
"louis_oneill","Quebec","m",1925,2018,1976,1981,"Parti Quebecois","Silent","1925-1942",5,10,1976,51
"marcel_ostiguy","Quebec","m",1929,2014,1970,1976,"Liberal","Silent","1925-1942",6,12,1970,41
"martin_ouellet","Quebec","m",1977,NA,2014,2024,"Parti Quebecois","GenerationX","1961-1981",10,20,2014,37
"martine_ouellet","Quebec","f",1969,NA,2008,2018,"Parti Quebecois","GenerationX","1961-1981",10,20,2008,39
"adrien_ouellette","Quebec","m",1940,NA,1976,1985,"Parti Quebecois","Silent","1925-1942",9,18,1976,36
"guy_ouellette","Quebec","m",1951,NA,2007,2024,"Liberal","Babyboom","1943-1960",17,34,2007,56
"jocelyne_ouellette","Quebec","f",1944,2015,1976,1981,"Parti Quebecois","Babyboom","1943-1960",5,10,1976,32
"francois_ouimet","Quebec","m",1959,NA,1994,2018,"Liberal","Babyboom","1943-1960",24,48,1994,35
"gilles_ouimet","Quebec","m",1962,NA,2012,2015,"Liberal","GenerationX","1961-1981",3,6,2012,50
"michel_page","Quebec","m",1949,2013,1973,1992,"Liberal","Babyboom","1943-1960",19,38,1973,24
"sylvain_page","Quebec","m",1961,NA,1998,2018,"Parti Quebecois","GenerationX","1961-1981",20,40,1998,37
"daniel_paille","Quebec","m",1950,NA,1994,1996,"Parti Quebecois","Babyboom","1943-1960",2,4,1994,44
"lucie_papineau","Quebec","f",1946,NA,1994,2007,"Parti Quebecois","Babyboom","1943-1960",13,26,1994,48
"alain_paquet","Quebec","m",1961,NA,2003,2012,"Liberal","GenerationX","1961-1981",9,18,2003,42
"gilbert_paquette","Quebec","m",1942,NA,1976,1985,"Parti Quebecois","Silent","1925-1942",9,18,1976,34
"jeanpierre_paquin","Quebec","m",1948,NA,2003,2007,"Liberal","Babyboom","1943-1960",4,8,2003,55
"roger_paquin","Quebec","m",1947,NA,1994,2003,"Parti Quebecois","Babyboom","1943-1960",9,18,1994,47
"francois_paradis","Quebec","m",1957,NA,2014,2024,"Coalition Avenir Quebec","Babyboom","1943-1960",10,20,2014,57
"henri_paradis","Quebec","m",1952,NA,1985,1994,"Liberal","Babyboom","1943-1960",9,18,1985,33
"pierre_paradis","Quebec","m",1950,NA,1976,2018,"Liberal","Babyboom","1943-1960",42,84,1976,26
"jeanguy_pare","Quebec","m",1947,NA,1994,2003,"Parti Quebecois","Babyboom","1943-1960",9,18,1994,47
"roger_pare","Quebec","m",1947,1995,1981,1994,"Parti Quebecois","Babyboom","1943-1960",13,26,1981,34
"bernard_parent","Quebec","m",1927,1993,1973,1976,"Liberal","Silent","1925-1942",3,6,1973,46
"jeanguy_parent","Quebec","m",1946,NA,1985,1989,"Parti Quebecois","Babyboom","1943-1960",4,8,1985,39
"marcel_parent","Quebec","m",1932,NA,1981,1998,"Liberal","Silent","1925-1942",17,34,1981,49
"lise_payette","Quebec","f",1931,2018,1976,1981,"Parti Quebecois","Silent","1925-1942",5,10,1976,45
"leo_pearson","Quebec","m",1927,2005,1966,1973,"Liberal","Silent","1925-1942",7,14,1966,39
"pierre_peladeau","Quebec","m",1961,NA,2014,2016,"Parti Quebecois","GenerationX","1961-1981",2,4,2014,53
"christiane_pelchat","Quebec","f",1959,NA,1985,1994,"Liberal","Babyboom","1943-1960",9,18,1985,26
"benoit_pelletier","Quebec","m",1960,NA,1998,2008,"Liberal","Babyboom","1943-1960",10,20,1998,38
"emilien_pelletier","Quebec","m",1945,NA,2008,2014,"Parti Quebecois","Babyboom","1943-1960",6,12,2008,63
"irvin_pelletier","Quebec","m",1946,NA,2007,2014,"Parti Quebecois","Babyboom","1943-1960",7,14,2007,61
"jeanmarie_pelletier","Quebec","m",1933,NA,1970,1976,"Liberal","Silent","1925-1942",6,12,1970,37
"jeanpaul_pepin","Quebec","m",1929,2016,1970,1976,"Liberal","Silent","1925-1942",6,12,1970,41
"robert_perreault","Quebec","m",1947,NA,1994,2000,"Parti Quebecois","Babyboom","1943-1960",6,12,1994,47
"sarah_perreault","Quebec","f",1962,NA,2003,2007,"Liberal","GenerationX","1961-1981",4,8,2003,41
"denis_perron","Quebec","m",1938,1997,1976,1997,"Parti Quebecois","Silent","1925-1942",21,42,1976,38
"meganne_perrymelancon","Quebec","f",1990,NA,2018,2024,"Parti Quebecois","Millenial","1982-2004",6,12,2018,28
"paul_phaneuf","Quebec","m",1933,NA,1970,1976,"Liberal","Silent","1925-1942",6,12,1970,37
"paul_philibert","Quebec","m",1944,NA,1985,1994,"Liberal","Babyboom","1943-1960",9,18,1985,41
"camille_picard","Quebec","m",1941,NA,1976,1981,"Liberal","Silent","1925-1942",5,10,1976,35
"marc_picard","Quebec","m",1955,NA,2003,2024,"Action Democratique du Quebec","Babyboom","1943-1960",21,42,2003,48
"marilyne_picard","Quebec","f",1982,NA,2018,2024,"Coalition Avenir Quebec","Millenial","1982-2004",6,12,2018,36
"yvon_picotte","Quebec","m",1941,NA,1973,1994,"Liberal","Silent","1925-1942",21,42,1973,32
"michel_pigeon","Quebec","m",1945,NA,2008,2012,"Liberal","Babyboom","1943-1960",4,8,2008,63
"roger_pilote","Quebec","m",1934,NA,1970,1976,"Liberal","Silent","1925-1942",6,12,1970,36
"marcel_plamondon","Quebec","m",1935,2019,1966,1970,"Union Nationale","Silent","1925-1942",4,8,1966,31
"marc_plante","Quebec","m",1981,NA,2014,2018,"Liberal","GenerationX","1961-1981",4,8,2014,33
"robert_poeti","Quebec","m",1955,NA,2012,2018,"Liberal","Babyboom","1943-1960",6,12,2012,57
"carole_poirier","Quebec","f",1958,NA,2008,2018,"Parti Quebecois","Babyboom","1943-1960",10,20,2008,50
"maximilien_polak","Quebec","m",1930,NA,1981,1989,"Liberal","Silent","1925-1942",8,16,1981,51
"saul_polo","Quebec","m",1975,NA,2014,2024,"Liberal","GenerationX","1961-1981",10,20,2014,39
"normand_poulin","Quebec","m",1954,NA,1994,2003,"Liberal","Babyboom","1943-1960",9,18,1994,40
"remy_poulin","Quebec","m",1952,2011,1985,1994,"Liberal","Babyboom","1943-1960",9,18,1985,33
"samuel_poulin","Quebec","m",1991,NA,2018,2024,"Coalition Avenir Quebec","Millenial","1982-2004",6,12,2018,27
"guy_pratt","Quebec","m",1925,1999,1981,1985,"Liberal","Silent","1925-1942",4,8,1981,56
"caroline_proulx","Quebec","f",1966,NA,2018,2024,"Coalition Avenir Quebec","GenerationX","1961-1981",6,12,2018,52
"marieeve_proulx","Quebec","f",1976,NA,2018,2024,"Coalition Avenir Quebec","GenerationX","1961-1981",6,12,2018,42
"suzanne_proulx","Quebec","f",1959,NA,2012,2014,"Parti Quebecois","Babyboom","1943-1960",2,4,2012,53
"luc_provencal","Quebec","m",1955,NA,2018,2024,"Coalition Avenir Quebec","Babyboom","1943-1960",6,12,2018,63
"pauleugene_quirion","Quebec","m",1939,1996,1994,1996,"Liberal","Silent","1925-1942",2,4,1994,55
"real_rancourt","Quebec","m",1929,NA,1976,1985,"Parti Quebecois","Silent","1925-1942",9,18,1976,47
"daniel_ratthe","Quebec","m",1956,NA,2008,2014,"Parti Quebecois","Babyboom","1943-1960",6,12,2008,52
"andre_raynauld","Quebec","m",1927,2011,1976,1980,"Liberal","Silent","1925-1942",4,8,1976,49
"francois_rebello","Quebec","m",1970,NA,2008,2012,"Parti Quebecois","GenerationX","1961-1981",4,8,2008,38
"claude_reid","Quebec","m",1964,NA,2018,2024,"Coalition Avenir Quebec","GenerationX","1961-1981",6,12,2018,54
"pierre_reid","Quebec","m",1948,NA,2003,2018,"Liberal","Babyboom","1943-1960",15,30,2003,55
"gil_remillard","Quebec","m",1944,NA,1985,1994,"Liberal","Babyboom","1943-1960",9,18,1985,41
"clement_richard","Quebec","m",1939,NA,1976,1985,"Parti Quebecois","Silent","1925-1942",9,18,1976,37
"jeannine_richard","Quebec","f",1952,NA,2012,2014,"Parti Quebecois","Babyboom","1943-1960",2,4,2012,60
"lorraine_richard","Quebec","f",1959,NA,2003,2024,"Parti Quebecois","Babyboom","1943-1960",21,42,2003,44
"maurice_richard","Quebec","m",1946,NA,1985,1994,"Liberal","Babyboom","1943-1960",9,18,1985,39
"monique_richard","Quebec","f",1947,NA,2008,2012,"Parti Quebecois","Babyboom","1943-1960",4,8,2008,61
"roland_richer","Quebec","m",1941,NA,2012,2014,"Parti Quebecois","Silent","1925-1942",2,4,2012,71
"andre_riedl","Quebec","m",1940,NA,2007,2008,"Action Democratique du Quebec","Silent","1925-1942",1,2,2007,67
"jean_rioux","Quebec","m",1953,NA,2003,2007,"Liberal","Babyboom","1943-1960",4,8,2003,50
"matthias_rioux","Quebec","m",1934,NA,1994,2003,"Parti Quebecois","Silent","1925-1942",9,18,1994,60
"guy_rivard","Quebec","m",1936,NA,1985,1994,"Liberal","Silent","1925-1942",9,18,1985,49
"michel_rivard","Quebec","m",1941,NA,1994,1998,"Parti Quebecois","Silent","1925-1942",4,8,1994,53
"jeanclaude_rivest","Quebec","m",1943,NA,1976,1985,"Liberal","Babyboom","1943-1960",9,18,1976,33
"marwah_rizqy","Quebec","f",1985,NA,2018,2024,"Liberal","Millenial","1982-2004",6,12,2018,33
"jeanfrancois_roberge","Quebec","m",1974,NA,2014,2024,"Coalition Avenir Quebec","GenerationX","1961-1981",10,20,2014,40
"gilles_robert","Quebec","m",1955,NA,2008,2012,"Parti Quebecois","Babyboom","1943-1960",4,8,2008,53
"helene_robert","Quebec","f",1945,NA,1994,2007,"Parti Quebecois","Babyboom","1943-1960",13,26,1994,49
"louise_robic","Quebec","f",1935,2020,1985,1994,"Liberal","Silent","1925-1942",9,18,1985,50
"lucienne_robillard","Quebec","f",1945,NA,1989,1994,"Liberal","Babyboom","1943-1960",5,10,1989,44
"paule_robitaille","Quebec","f",1962,NA,2018,2024,"Liberal","GenerationX","1961-1981",6,12,2018,56
"jacques_rochefort","Quebec","m",1953,NA,1981,1989,"Parti Quebecois","Babyboom","1943-1960",8,16,1981,28
"nathalie_rochefort","Quebec","f",1970,NA,1998,2003,"Liberal","GenerationX","1961-1981",5,10,1998,28
"gilles_rocheleau","Quebec","m",1935,1998,1981,1988,"Liberal","Silent","1925-1942",7,14,1981,46
"jean_rochon","Quebec","m",1938,NA,1994,2003,"Parti Quebecois","Silent","1925-1942",9,18,1994,56
"sylvain_rochon","Quebec","m",1961,NA,2014,2018,"Parti Quebecois","GenerationX","1961-1981",4,8,2014,53
"jeanguy_rodrigue","Quebec","m",1937,2013,1981,1985,"Parti Quebecois","Silent","1925-1942",4,8,1981,44
"filomena_rotiroti","Quebec","f",1974,NA,2008,2024,"Liberal","GenerationX","1961-1981",16,32,2008,34
"chantal_rouleau","Quebec","f",1959,NA,2018,2024,"Coalition Avenir Quebec","Babyboom","1943-1960",6,12,2018,59
"jean_rousselle","Quebec","m",1953,NA,2012,2024,"Liberal","Babyboom","1943-1960",12,24,2012,59
"jeanfrancois_roux","Quebec","m",1973,NA,2007,2008,"Action Democratique du Quebec","GenerationX","1961-1981",1,2,2007,34
"claude_roy","Quebec","m",1952,NA,2007,2008,"Action Democratique du Quebec","Babyboom","1943-1960",1,2,2007,55
"fabien_roy","Quebec","m",1928,NA,1970,1979,"Parti Creditiste","Silent","1925-1942",9,18,1970,42
"nathalie_roy","Quebec","f",1964,NA,2012,2024,"Coalition Avenir Quebec","GenerationX","1961-1981",12,24,2012,48
"pierre_roy","Quebec","m",1936,NA,1966,1970,"Union Nationale","Silent","1925-1942",4,8,1966,30
"sylvain_roy","Quebec","m",1964,NA,2012,2024,"Parti Quebecois","GenerationX","1961-1981",12,24,2012,48
"sylvie_roy","Quebec","f",1964,2016,2003,2016,"Action Democratique du Quebec","GenerationX","1961-1981",13,26,2003,39
"monique_royverville","Quebec","f",1961,NA,2007,2008,"Action Democratique du Quebec","GenerationX","1961-1981",1,2,2007,46
"claude_ryan","Quebec","m",1925,2004,1976,1994,"Liberal","Silent","1925-1942",18,36,1976,51
"aline_saintamand","Quebec","f",1936,NA,1981,1985,"Liberal","Silent","1925-1942",4,8,1981,45
"claude_sainthilaire","Quebec","m",1927,2009,1973,1976,"Liberal","Silent","1925-1942",3,6,1973,46
"jeanpierre_saintonge","Quebec","m",1945,NA,1981,1994,"Liberal","Babyboom","1943-1960",13,26,1981,36
"guy_saintpierre","Quebec","m",1934,NA,1970,1976,"Liberal","Silent","1925-1942",6,12,1970,36
"camil_samson","Quebec","m",1935,2012,1970,1981,"Parti Creditiste","Silent","1925-1942",11,22,1970,35
"claire_samson","Quebec","f",1955,NA,2014,2024,"Coalition Avenir Quebec","Babyboom","1943-1960",10,20,2014,59
"monique_sauve","Quebec","f",1960,NA,2014,2024,"Liberal","Babyboom","1943-1960",10,20,2014,54
"raymond_savoie","Quebec","m",1946,NA,1985,1994,"Liberal","Babyboom","1943-1960",9,18,1985,39
"sebastien_schneeberger","Quebec","m",1973,NA,2007,2024,"Action Democratique du Quebec","GenerationX","1961-1981",17,34,2007,34
"reed_scowen","Quebec","m",1931,NA,1976,1987,"Liberal","Silent","1925-1942",11,22,1976,45
"frederick_shaw","Quebec","m",1932,2018,1976,1981,"Union Nationale","Silent","1925-1942",5,10,1976,44
"celine_signori","Quebec","f",1938,NA,1994,2001,"Parti Quebecois","Silent","1925-1942",7,14,1994,56
"andre_simard","Quebec","m",1953,NA,2008,2012,"Parti Quebecois","Babyboom","1943-1960",4,8,2008,55
"caroline_simard","Quebec","f",1974,NA,2014,2018,"Liberal","GenerationX","1961-1981",4,8,2014,40
"claude_simard","Quebec","m",1938,2016,1970,1976,"Liberal","Silent","1925-1942",6,12,1970,32
"jeanfrancois_simard","Quebec","m",1966,NA,1998,2024,"Parti Quebecois","GenerationX","1961-1981",26,52,1998,32
"monique_simard","Quebec","f",1950,NA,1994,1998,"Parti Quebecois","Babyboom","1943-1960",4,8,1994,44
"sylvain_simard","Quebec","m",1945,NA,1994,2012,"Parti Quebecois","Babyboom","1943-1960",18,36,1994,49
"christos_sirros","Quebec","m",1948,NA,1981,2004,"Liberal","Babyboom","1943-1960",23,46,1981,33
"christopher_skeete","Quebec","m",1979,NA,2018,2024,"Coalition Avenir Quebec","GenerationX","1961-1981",6,12,2018,39
"gerry_sklavounos","Quebec","m",1974,NA,2007,2018,"Liberal","GenerationX","1961-1981",11,22,2007,33
"chantal_soucy","Quebec","f",1974,NA,2014,2024,"Coalition Avenir Quebec","GenerationX","1961-1981",10,20,2014,40
"jeanpierre_soucy","Quebec","m",1952,NA,2003,2007,"Liberal","Babyboom","1943-1960",4,8,2003,51
"andre_spenard","Quebec","m",1950,NA,2012,2018,"Coalition Avenir Quebec","Babyboom","1943-1960",6,12,2012,62
"george_springate","Quebec","m",1938,2019,1970,1981,"Liberal","Silent","1925-1942",11,22,1970,32
"danielle_stamand","Quebec","f",1964,NA,2008,2014,"Liberal","GenerationX","1961-1981",6,12,2008,44
"jeanclaude_standre","Quebec","m",1962,NA,1994,2007,"Parti Quebecois","GenerationX","1961-1981",13,26,1994,32
"bertrand_starnaud","Quebec","m",1958,NA,2008,2014,"Parti Quebecois","Babyboom","1943-1960",6,12,2008,50
"yves_stdenis","Quebec","m",1963,NA,2014,2018,"Liberal","GenerationX","1961-1981",4,8,2014,51
"michelyne_stlaurent","Quebec","f",1948,NA,2012,2014,"Coalition Avenir Quebec","Babyboom","1943-1960",2,4,2012,64
"christine_stpierre","Quebec","f",1953,NA,2007,2024,"Liberal","Babyboom","1943-1960",17,34,2007,54
"jeanguy_stroch","Quebec","m",1940,2015,1985,1994,"Liberal","Silent","1925-1942",9,18,1985,45
"claude_suprenant","Quebec","m",1963,NA,2014,2018,"Coalition Avenir Quebec","GenerationX","1961-1981",4,8,2014,51
"denys_sylvain","Quebec","m",1945,NA,1973,1976,"Liberal","Babyboom","1943-1960",3,6,1973,28
"gilles_taillon","Quebec","m",1945,NA,2007,2008,"Action Democratique du Quebec","Babyboom","1943-1960",1,2,2007,62
"marc_tanguay","Quebec","m",1973,NA,2012,2024,"Liberal","GenerationX","1961-1981",12,24,2012,39
"guy_tardif","Quebec","m",1935,2005,1976,1985,"Parti Quebecois","Silent","1925-1942",9,18,1976,41
"marielouise_tardif","Quebec","f",1962,NA,2018,2024,"Coalition Avenir Quebec","GenerationX","1961-1981",6,12,2018,56
"yves_tardif","Quebec","m",1944,NA,1973,1976,"Liberal","Babyboom","1943-1960",3,6,1973,29
"william_tetley","Quebec","m",1927,2014,1966,1976,"Liberal","Silent","1925-1942",10,20,1966,39
"ronald_tetrault","Quebec","m",1936,NA,1970,1973,"Parti Creditiste","Silent","1925-1942",3,6,1970,34
"carole_theberge","Quebec","f",1953,NA,2003,2007,"Liberal","Babyboom","1943-1960",4,8,2003,50
"jeanpaul_theoret","Quebec","m",1936,2013,1985,1989,"Liberal","Silent","1925-1942",4,8,1985,49
"lise_theriault","Quebec","f",1966,NA,1998,2024,"Liberal","GenerationX","1961-1981",26,52,1998,32
"luc_theriault","Quebec","m",1960,NA,2003,2007,"Parti Quebecois","Babyboom","1943-1960",4,8,2003,43
"robert_therien","Quebec","m",1949,NA,1985,1997,"Liberal","Babyboom","1943-1960",12,24,1985,36
"alain_therrien","Quebec","m",1966,NA,2012,2018,"Parti Quebecois","GenerationX","1961-1981",6,12,2012,46
"jeanfrancois_therrien","Quebec","m",1969,NA,2007,2008,"Action Democratique du Quebec","GenerationX","1961-1981",1,2,2007,38
"louischarles_thouin","Quebec","m",1971,NA,2018,2024,"Coalition Avenir Quebec","GenerationX","1961-1981",6,12,2018,47
"haroldp_thuringer","Quebec","m",1934,NA,1985,1989,"Liberal","Silent","1925-1942",4,8,1985,51
"tony_tomassi","Quebec","m",1971,NA,2003,2012,"Liberal","GenerationX","1961-1981",9,18,2003,32
"normand_toupin","Quebec","m",1933,NA,1970,1976,"Liberal","Silent","1925-1942",6,12,1970,37
"andre_tranchemontagne","Quebec","m",1939,2016,1998,2003,"Liberal","Silent","1925-1942",5,10,1998,59
"mathieu_traversy","Quebec","m",1984,NA,2008,2018,"Parti Quebecois","Millenial","1982-2004",10,20,2008,24
"francois_tremblay","Quebec","m",1970,NA,2018,2024,"Coalition Avenir Quebec","GenerationX","1961-1981",6,12,2018,48
"georgesemery_tremblay","Quebec","m",1927,2016,1966,1973,"Liberal","Silent","1925-1942",7,14,1966,39
"gerald_tremblay","Quebec","m",1942,NA,1989,1996,"Liberal","Silent","1925-1942",7,14,1989,47
"guillaume_tremblay","Quebec","m",1984,NA,2008,2012,"Parti Quebecois","Millenial","1982-2004",4,8,2008,24
"jacques_tremblay","Quebec","m",1942,NA,1985,1989,"Liberal","Silent","1925-1942",4,8,1985,43
"jeannoel_tremblay","Quebec","m",1926,2020,1966,1973,"Union Nationale","Silent","1925-1942",7,14,1966,40
"luc_tremblay","Quebec","m",1939,NA,1981,1985,"Parti Quebecois","Silent","1925-1942",4,8,1981,42
"michel_tremblay","Quebec","m",1933,NA,1985,1994,"Liberal","Silent","1925-1942",9,18,1985,52
"rodrigue_tremblay","Quebec","m",1939,NA,1976,1981,"Parti Quebecois","Silent","1925-1942",5,10,1976,37
"stephan_tremblay","Quebec","m",1973,NA,1998,2007,"Parti Quebecois","GenerationX","1961-1981",9,18,1998,25
"veronyque_tremblay","Quebec","f",1974,NA,2014,2018,"Liberal","GenerationX","1961-1981",4,8,2014,40
"jeanguy_trepanier","Quebec","m",1932,2018,1962,1966,"Liberal","Silent","1925-1942",4,8,1962,30
"violette_trepanier","Quebec","f",1945,NA,1985,1994,"Liberal","Babyboom","1943-1960",9,18,1985,40
"denis_trottier","Quebec","m",1952,NA,2007,2014,"Parti Quebecois","Babyboom","1943-1960",7,14,2007,55
"claude_trudel","Quebec","m",1942,NA,1985,1989,"Liberal","Silent","1925-1942",4,8,1985,43
"denise_trudel","Quebec","f",1955,NA,2012,2014,"Coalition Avenir Quebec","Babyboom","1943-1960",2,4,2012,57
"luc_trudel","Quebec","m",1970,NA,2012,2014,"Parti Quebecois","GenerationX","1961-1981",2,4,2012,42
"remy_trudel","Quebec","m",1948,NA,1989,2003,"Parti Quebecois","Babyboom","1943-1960",14,28,1989,41
"dave_turcotte","Quebec","m",1983,NA,2008,2018,"Parti Quebecois","Millenial","1982-2004",10,20,2008,25
"daniel_turp","Quebec","m",1955,NA,2003,2008,"Parti Quebecois","Babyboom","1943-1960",5,10,2003,48
"claude_vaillancourt","Quebec","m",1944,NA,1976,1983,"Parti Quebecois","Babyboom","1943-1960",7,14,1976,32
"claire_vaive","Quebec","f",1940,NA,1994,1998,"Liberal","Silent","1925-1942",4,8,1994,54
"stephanie_vallee","Quebec","f",1971,NA,2007,2018,"Liberal","GenerationX","1961-1981",11,22,2007,36
"andre_vallerand","Quebec","m",1940,NA,1985,1994,"Liberal","Silent","1925-1942",9,18,1985,45
"karine_vallieres","Quebec","f",1978,NA,2012,2018,"Liberal","GenerationX","1961-1981",6,12,2012,34
"jonathan_valois","Quebec","m",1971,NA,2003,2007,"Parti Quebecois","GenerationX","1961-1981",4,8,2003,32
"denis_vaugeois","Quebec","m",1935,NA,1976,1985,"Parti Quebecois","Silent","1925-1942",9,18,1976,41
"jacques_veilleux","Quebec","m",1939,NA,1970,1976,"Liberal","Silent","1925-1942",6,12,1970,31
"cecile_vermette","Quebec","f",1945,NA,1985,2007,"Parti Quebecois","Babyboom","1943-1960",22,44,1985,40
"richard_verreault","Quebec","m",1937,1998,1973,1981,"Liberal","Silent","1925-1942",8,16,1973,36
"louis_vezina","Quebec","m",1937,2009,1970,1973,"Liberal","Silent","1925-1942",3,6,1970,33
"jeanfrancois_viau","Quebec","m",1958,2019,1981,1985,"Liberal","Babyboom","1943-1960",4,8,1981,23
"andre_villeneuve","Quebec","m",1961,NA,2008,2018,"Parti Quebecois","GenerationX","1961-1981",10,20,2008,47
"clement_vincent","Quebec","m",1931,2018,1966,1973,"Union Nationale","Silent","1925-1942",7,14,1966,35
"claude_wagner","Quebec","m",1925,1979,1962,1970,"Liberal","Silent","1925-1942",8,16,1962,37
"alexis_wawanoloath","Quebec","m",1982,NA,2007,2008,"Parti Quebecois","Millenial","1982-2004",1,2,2007,25
"kathleen_weil","Quebec","f",1954,NA,2008,2024,"Liberal","Babyboom","1943-1960",16,32,2008,54
"david_whissell","Quebec","m",1967,NA,1998,2011,"Liberal","GenerationX","1961-1981",13,26,1998,31
"russell_williams","Quebec","m",1953,NA,1989,2004,"Liberal","Babyboom","1943-1960",15,30,1989,36
"elaine_zakaib","Quebec","f",1959,2018,2012,2014,"Parti Quebecois","Babyboom","1943-1960",2,4,2012,53
"sol_zanetti","Quebec","m",1982,NA,2018,2024,"Quebec Solidaire","Millenial","1982-2004",6,12,2018,36
